left_shoulder_X,left_shoulder_Y,left_shoulder_Z,left_elbow_X,left_elbow_Y,left_elbow_Z,left_wrist_X,left_wrist_Y,left_wrist_Z,left_hand_X,left_hand_Y,left_hand_Z,right_shoulder_X,right_shoulder_Y,right_shoulder_Z,right_elbow_X,right_elbow_Y,right_elbow_Z,right_wrist_X,right_wrist_Y,right_wrist_Z,right_hand_X,right_hand_Y,right_hand_Z,head_X,head_Y,head_Z,shoulder_X,shoulder_Y,shoulder_Z,spine_X,Y,Z,hip_center_X,hip_center_Y,hip_center_Z,left_hip_X,left_hip_Y,left_hip_Z,left_knee_X,left_knee_Y,left_knee_Z,left_ankle_X,left_ankle_Y,left_ankle_Z,left_foot_X,left_foot_Y,left_foot_Z,right_hip_X,right_hip_Y,right_hip_Z,right_knee_X,right_knee_Y,right_knee_Z,right_ankle_X,right_ankle_Y,right_ankle_Z,right_foot_X,right_foot_Y,right_foot_Z
120.0,85.0,-196.0,117.0,117.0,-208.0,118.0,150.0,-192.0,118.0,157.0,-188.0,159.0,84.0,-187.0,165.0,116.0,-197.0,166.0,150.0,-187.0,164.0,157.0,-191.0,139.0,52.0,-162.0,137.0,78.0,-165.0,142.0,99.0,-216.0,144.0,123.0,-222.0,122.0,124.0,-200.0,127.0,181.0,-207.0,121.0,223.0,-229.0,116.0,232.0,-194.0,160.0,124.0,-187.0,156.0,181.0,-202.0,161.0,223.0,-228.0,159.0,233.0,-193.0
120.0,84.0,-194.0,117.0,116.0,-206.0,118.0,149.0,-191.0,119.0,156.0,-186.0,159.0,84.0,-188.0,165.0,116.0,-202.0,167.0,149.0,-189.0,165.0,156.0,-193.0,139.0,52.0,-160.0,138.0,78.0,-164.0,141.0,98.0,-216.0,143.0,123.0,-222.0,122.0,124.0,-197.0,127.0,181.0,-208.0,121.0,223.0,-229.0,117.0,232.0,-194.0,161.0,124.0,-191.0,156.0,181.0,-204.0,161.0,223.0,-228.0,160.0,233.0,-193.0
121.0,84.0,-188.0,117.0,116.0,-200.0,119.0,150.0,-189.0,119.0,157.0,-186.0,160.0,85.0,-189.0,165.0,116.0,-205.0,167.0,150.0,-192.0,166.0,156.0,-197.0,141.0,52.0,-160.0,140.0,78.0,-162.0,141.0,98.0,-215.0,143.0,122.0,-223.0,122.0,124.0,-195.0,127.0,181.0,-205.0,121.0,223.0,-229.0,118.0,233.0,-193.0,161.0,124.0,-194.0,157.0,181.0,-204.0,161.0,223.0,-228.0,161.0,233.0,-193.0
120.0,83.0,-185.0,117.0,116.0,-198.0,119.0,150.0,-187.0,118.0,157.0,-188.0,160.0,85.0,-190.0,166.0,116.0,-206.0,168.0,150.0,-196.0,167.0,157.0,-201.0,141.0,52.0,-159.0,140.0,79.0,-160.0,140.0,98.0,-214.0,142.0,122.0,-223.0,122.0,124.0,-193.0,127.0,181.0,-204.0,121.0,223.0,-227.0,119.0,233.0,-191.0,162.0,124.0,-196.0,157.0,181.0,-205.0,161.0,223.0,-228.0,162.0,233.0,-192.0
121.0,84.0,-183.0,117.0,116.0,-195.0,119.0,150.0,-188.0,118.0,158.0,-186.0,161.0,85.0,-191.0,165.0,116.0,-208.0,168.0,150.0,-199.0,166.0,157.0,-202.0,142.0,52.0,-156.0,141.0,79.0,-160.0,140.0,98.0,-214.0,142.0,122.0,-224.0,122.0,124.0,-193.0,127.0,181.0,-203.0,121.0,223.0,-226.0,119.0,233.0,-191.0,162.0,124.0,-198.0,157.0,181.0,-207.0,161.0,223.0,-229.0,163.0,232.0,-194.0
121.0,84.0,-180.0,117.0,117.0,-192.0,119.0,152.0,-187.0,118.0,159.0,-182.0,161.0,85.0,-191.0,166.0,117.0,-209.0,167.0,151.0,-203.0,165.0,157.0,-207.0,144.0,53.0,-153.0,142.0,80.0,-158.0,140.0,98.0,-212.0,141.0,121.0,-225.0,122.0,124.0,-192.0,126.0,182.0,-203.0,121.0,223.0,-227.0,119.0,234.0,-191.0,161.0,124.0,-201.0,156.0,180.0,-209.0,161.0,223.0,-230.0,163.0,232.0,-194.0
121.0,84.0,-178.0,117.0,117.0,-190.0,118.0,152.0,-184.0,119.0,159.0,-184.0,161.0,86.0,-190.0,166.0,118.0,-210.0,166.0,151.0,-205.0,164.0,158.0,-208.0,144.0,53.0,-152.0,143.0,80.0,-157.0,140.0,98.0,-212.0,141.0,121.0,-225.0,122.0,124.0,-192.0,125.0,181.0,-203.0,120.0,223.0,-227.0,119.0,233.0,-192.0,161.0,124.0,-202.0,156.0,180.0,-212.0,161.0,223.0,-230.0,163.0,232.0,-194.0
121.0,84.0,-177.0,117.0,117.0,-190.0,118.0,152.0,-182.0,118.0,160.0,-179.0,161.0,86.0,-190.0,165.0,118.0,-209.0,166.0,152.0,-205.0,164.0,158.0,-210.0,145.0,53.0,-151.0,143.0,81.0,-156.0,140.0,98.0,-211.0,140.0,121.0,-225.0,122.0,124.0,-191.0,124.0,181.0,-204.0,120.0,223.0,-227.0,119.0,234.0,-191.0,161.0,124.0,-203.0,155.0,180.0,-213.0,161.0,223.0,-230.0,164.0,232.0,-194.0
122.0,84.0,-177.0,116.0,117.0,-189.0,117.0,151.0,-179.0,118.0,159.0,-181.0,161.0,87.0,-190.0,165.0,119.0,-209.0,164.0,152.0,-205.0,163.0,159.0,-209.0,147.0,54.0,-150.0,143.0,81.0,-156.0,140.0,98.0,-212.0,140.0,121.0,-226.0,121.0,124.0,-192.0,123.0,181.0,-204.0,120.0,223.0,-227.0,119.0,233.0,-191.0,160.0,124.0,-204.0,154.0,181.0,-213.0,160.0,223.0,-230.0,163.0,232.0,-194.0
121.0,83.0,-178.0,115.0,116.0,-188.0,116.0,151.0,-177.0,116.0,159.0,-174.0,161.0,87.0,-190.0,164.0,119.0,-208.0,163.0,153.0,-201.0,163.0,160.0,-205.0,147.0,54.0,-149.0,143.0,81.0,-157.0,139.0,98.0,-212.0,139.0,121.0,-225.0,120.0,124.0,-192.0,123.0,181.0,-204.0,120.0,223.0,-226.0,119.0,234.0,-190.0,160.0,124.0,-203.0,153.0,181.0,-213.0,161.0,223.0,-230.0,163.0,232.0,-195.0
121.0,83.0,-179.0,115.0,116.0,-188.0,116.0,150.0,-177.0,115.0,158.0,-172.0,161.0,87.0,-192.0,164.0,119.0,-209.0,162.0,153.0,-200.0,163.0,160.0,-201.0,147.0,54.0,-152.0,143.0,81.0,-158.0,139.0,98.0,-213.0,138.0,121.0,-226.0,120.0,123.0,-193.0,122.0,181.0,-204.0,119.0,223.0,-226.0,118.0,233.0,-190.0,159.0,123.0,-204.0,153.0,181.0,-211.0,160.0,223.0,-231.0,163.0,232.0,-195.0
120.0,82.0,-179.0,115.0,116.0,-186.0,116.0,150.0,-175.0,117.0,158.0,-174.0,160.0,87.0,-194.0,163.0,119.0,-208.0,161.0,152.0,-196.0,162.0,159.0,-196.0,145.0,53.0,-157.0,142.0,80.0,-160.0,138.0,98.0,-213.0,137.0,121.0,-226.0,119.0,123.0,-191.0,122.0,181.0,-203.0,119.0,223.0,-226.0,119.0,233.0,-191.0,158.0,123.0,-206.0,152.0,181.0,-210.0,160.0,223.0,-229.0,163.0,232.0,-193.0
120.0,82.0,-179.0,115.0,116.0,-184.0,118.0,150.0,-173.0,120.0,158.0,-169.0,159.0,87.0,-195.0,163.0,119.0,-208.0,160.0,152.0,-193.0,161.0,160.0,-194.0,145.0,53.0,-157.0,142.0,80.0,-161.0,137.0,98.0,-214.0,137.0,120.0,-226.0,119.0,123.0,-190.0,121.0,181.0,-203.0,119.0,223.0,-226.0,119.0,233.0,-191.0,158.0,123.0,-208.0,152.0,181.0,-208.0,160.0,223.0,-225.0,164.0,232.0,-190.0
120.0,83.0,-179.0,115.0,117.0,-181.0,122.0,151.0,-169.0,123.0,157.0,-160.0,159.0,86.0,-197.0,163.0,119.0,-207.0,159.0,152.0,-189.0,160.0,159.0,-187.0,145.0,53.0,-160.0,142.0,80.0,-161.0,137.0,98.0,-216.0,136.0,121.0,-227.0,119.0,123.0,-189.0,121.0,181.0,-203.0,119.0,223.0,-225.0,120.0,234.0,-190.0,157.0,123.0,-210.0,152.0,181.0,-208.0,160.0,224.0,-224.0,164.0,232.0,-190.0
119.0,83.0,-181.0,116.0,117.0,-175.0,130.0,148.0,-154.0,133.0,155.0,-150.0,158.0,87.0,-200.0,162.0,119.0,-200.0,159.0,152.0,-173.0,158.0,159.0,-164.0,143.0,53.0,-162.0,142.0,80.0,-164.0,136.0,98.0,-216.0,136.0,121.0,-226.0,118.0,122.0,-190.0,122.0,181.0,-202.0,119.0,223.0,-226.0,120.0,233.0,-192.0,157.0,122.0,-207.0,152.0,181.0,-209.0,160.0,224.0,-225.0,164.0,232.0,-190.0
119.0,84.0,-181.0,119.0,117.0,-170.0,137.0,145.0,-145.0,141.0,152.0,-140.0,158.0,87.0,-202.0,161.0,119.0,-197.0,158.0,149.0,-157.0,157.0,156.0,-148.0,143.0,55.0,-167.0,141.0,80.0,-165.0,136.0,99.0,-218.0,135.0,121.0,-226.0,118.0,123.0,-189.0,122.0,181.0,-202.0,119.0,223.0,-228.0,120.0,233.0,-193.0,156.0,123.0,-208.0,153.0,181.0,-210.0,160.0,223.0,-227.0,165.0,232.0,-193.0
119.0,84.0,-181.0,121.0,117.0,-166.0,143.0,141.0,-139.0,148.0,147.0,-131.0,158.0,86.0,-204.0,161.0,118.0,-193.0,157.0,145.0,-145.0,156.0,152.0,-135.0,143.0,54.0,-164.0,142.0,80.0,-167.0,136.0,98.0,-219.0,135.0,121.0,-226.0,118.0,123.0,-187.0,123.0,182.0,-202.0,120.0,223.0,-228.0,121.0,234.0,-194.0,156.0,123.0,-211.0,153.0,181.0,-211.0,160.0,223.0,-228.0,166.0,231.0,-194.0
120.0,84.0,-182.0,124.0,115.0,-161.0,151.0,136.0,-137.0,154.0,142.0,-127.0,158.0,86.0,-208.0,161.0,116.0,-191.0,157.0,138.0,-134.0,154.0,144.0,-124.0,144.0,54.0,-163.0,143.0,79.0,-169.0,136.0,98.0,-220.0,136.0,121.0,-227.0,120.0,124.0,-186.0,124.0,182.0,-203.0,120.0,223.0,-227.0,123.0,234.0,-194.0,157.0,124.0,-213.0,154.0,180.0,-210.0,160.0,224.0,-226.0,166.0,231.0,-192.0
121.0,83.0,-181.0,127.0,114.0,-159.0,156.0,133.0,-138.0,159.0,140.0,-131.0,158.0,85.0,-210.0,163.0,115.0,-192.0,161.0,135.0,-132.0,161.0,141.0,-120.0,143.0,54.0,-159.0,144.0,79.0,-170.0,137.0,98.0,-220.0,136.0,121.0,-226.0,121.0,124.0,-185.0,125.0,181.0,-204.0,120.0,223.0,-228.0,124.0,233.0,-195.0,158.0,124.0,-214.0,154.0,180.0,-210.0,160.0,224.0,-225.0,167.0,231.0,-191.0
123.0,84.0,-179.0,131.0,113.0,-155.0,161.0,132.0,-137.0,168.0,136.0,-134.0,160.0,86.0,-213.0,165.0,115.0,-193.0,167.0,132.0,-131.0,169.0,138.0,-119.0,146.0,55.0,-156.0,147.0,80.0,-172.0,137.0,98.0,-221.0,138.0,121.0,-226.0,123.0,124.0,-185.0,125.0,181.0,-205.0,121.0,223.0,-228.0,124.0,233.0,-194.0,160.0,124.0,-214.0,155.0,180.0,-210.0,161.0,224.0,-224.0,167.0,232.0,-191.0
127.0,83.0,-173.0,143.0,110.0,-150.0,174.0,128.0,-136.0,177.0,135.0,-129.0,162.0,87.0,-216.0,172.0,115.0,-195.0,181.0,129.0,-131.0,185.0,135.0,-123.0,149.0,55.0,-156.0,152.0,82.0,-171.0,138.0,98.0,-219.0,138.0,122.0,-225.0,127.0,124.0,-180.0,126.0,181.0,-205.0,121.0,223.0,-226.0,127.0,232.0,-195.0,161.0,124.0,-222.0,156.0,181.0,-211.0,161.0,225.0,-224.0,170.0,231.0,-192.0
130.0,84.0,-170.0,151.0,107.0,-148.0,183.0,124.0,-141.0,185.0,131.0,-133.0,163.0,88.0,-216.0,178.0,114.0,-198.0,191.0,124.0,-134.0,196.0,131.0,-128.0,151.0,55.0,-156.0,155.0,83.0,-170.0,139.0,97.0,-218.0,139.0,122.0,-226.0,129.0,124.0,-180.0,126.0,180.0,-206.0,121.0,223.0,-226.0,128.0,232.0,-196.0,162.0,124.0,-226.0,156.0,181.0,-211.0,161.0,226.0,-223.0,171.0,232.0,-192.0
134.0,84.0,-168.0,158.0,104.0,-146.0,193.0,115.0,-146.0,200.0,114.0,-139.0,166.0,90.0,-216.0,185.0,114.0,-205.0,199.0,120.0,-141.0,206.0,120.0,-131.0,155.0,56.0,-157.0,159.0,85.0,-170.0,142.0,97.0,-217.0,141.0,122.0,-227.0,131.0,123.0,-179.0,126.0,180.0,-206.0,121.0,223.0,-226.0,129.0,232.0,-197.0,163.0,123.0,-228.0,156.0,182.0,-212.0,161.0,227.0,-223.0,172.0,232.0,-193.0
138.0,83.0,-165.0,166.0,99.0,-146.0,200.0,101.0,-157.0,205.0,96.0,-160.0,169.0,90.0,-217.0,191.0,111.0,-214.0,210.0,98.0,-156.0,217.0,99.0,-148.0,161.0,56.0,-154.0,163.0,85.0,-169.0,144.0,96.0,-215.0,142.0,121.0,-226.0,133.0,123.0,-178.0,126.0,179.0,-208.0,122.0,222.0,-226.0,130.0,231.0,-198.0,164.0,123.0,-231.0,157.0,182.0,-212.0,161.0,226.0,-225.0,173.0,232.0,-196.0
141.0,82.0,-163.0,169.0,96.0,-146.0,202.0,93.0,-163.0,205.0,87.0,-168.0,171.0,89.0,-217.0,195.0,106.0,-223.0,211.0,89.0,-169.0,216.0,84.0,-160.0,162.0,56.0,-148.0,166.0,85.0,-169.0,146.0,95.0,-214.0,141.0,120.0,-225.0,133.0,123.0,-177.0,126.0,179.0,-209.0,122.0,222.0,-226.0,131.0,230.0,-199.0,163.0,123.0,-232.0,157.0,181.0,-212.0,162.0,225.0,-225.0,173.0,230.0,-197.0
142.0,83.0,-163.0,171.0,94.0,-146.0,202.0,87.0,-168.0,205.0,88.0,-182.0,171.0,89.0,-218.0,196.0,103.0,-229.0,206.0,81.0,-177.0,212.0,75.0,-172.0,166.0,57.0,-149.0,166.0,85.0,-170.0,146.0,96.0,-214.0,140.0,120.0,-224.0,133.0,123.0,-176.0,125.0,178.0,-210.0,121.0,222.0,-226.0,131.0,230.0,-199.0,162.0,123.0,-233.0,156.0,181.0,-213.0,161.0,225.0,-224.0,173.0,230.0,-198.0
142.0,85.0,-161.0,173.0,94.0,-145.0,201.0,85.0,-173.0,203.0,86.0,-188.0,170.0,88.0,-219.0,196.0,101.0,-232.0,202.0,77.0,-183.0,205.0,70.0,-178.0,166.0,60.0,-144.0,166.0,86.0,-170.0,146.0,97.0,-212.0,139.0,119.0,-225.0,133.0,123.0,-176.0,124.0,179.0,-207.0,120.0,222.0,-223.0,131.0,230.0,-198.0,160.0,123.0,-236.0,155.0,181.0,-215.0,161.0,225.0,-226.0,173.0,229.0,-201.0
141.0,86.0,-157.0,172.0,98.0,-146.0,200.0,90.0,-176.0,203.0,88.0,-189.0,168.0,89.0,-218.0,193.0,105.0,-229.0,201.0,80.0,-182.0,204.0,73.0,-176.0,166.0,64.0,-140.0,166.0,88.0,-169.0,144.0,97.0,-210.0,136.0,119.0,-224.0,131.0,124.0,-176.0,122.0,180.0,-204.0,120.0,223.0,-222.0,131.0,231.0,-197.0,158.0,124.0,-239.0,154.0,180.0,-216.0,160.0,225.0,-225.0,174.0,228.0,-202.0
140.0,88.0,-156.0,169.0,102.0,-146.0,199.0,98.0,-173.0,203.0,99.0,-185.0,169.0,93.0,-212.0,191.0,112.0,-223.0,204.0,90.0,-177.0,209.0,83.0,-175.0,165.0,63.0,-139.0,164.0,92.0,-164.0,144.0,97.0,-210.0,135.0,120.0,-227.0,128.0,124.0,-179.0,120.0,181.0,-202.0,119.0,225.0,-218.0,128.0,232.0,-191.0,156.0,124.0,-238.0,153.0,181.0,-218.0,160.0,225.0,-227.0,172.0,229.0,-202.0
136.0,92.0,-154.0,162.0,111.0,-147.0,194.0,120.0,-160.0,197.0,124.0,-170.0,167.0,98.0,-207.0,180.0,125.0,-203.0,207.0,119.0,-160.0,214.0,115.0,-158.0,163.0,67.0,-137.0,160.0,99.0,-160.0,141.0,99.0,-208.0,133.0,121.0,-231.0,124.0,126.0,-184.0,115.0,182.0,-202.0,118.0,227.0,-215.0,126.0,234.0,-185.0,153.0,126.0,-240.0,150.0,182.0,-220.0,159.0,226.0,-227.0,171.0,229.0,-201.0
131.0,94.0,-153.0,156.0,116.0,-149.0,184.0,136.0,-147.0,192.0,139.0,-144.0,164.0,100.0,-203.0,172.0,129.0,-191.0,192.0,146.0,-144.0,200.0,147.0,-141.0,161.0,70.0,-136.0,156.0,102.0,-156.0,138.0,101.0,-207.0,131.0,122.0,-234.0,121.0,127.0,-188.0,114.0,183.0,-204.0,117.0,228.0,-215.0,125.0,235.0,-184.0,151.0,127.0,-241.0,150.0,183.0,-216.0,159.0,227.0,-224.0,170.0,230.0,-197.0
130.0,94.0,-156.0,141.0,125.0,-150.0,163.0,152.0,-135.0,171.0,151.0,-138.0,163.0,103.0,-204.0,158.0,131.0,-180.0,154.0,160.0,-137.0,155.0,167.0,-129.0,157.0,72.0,-136.0,154.0,103.0,-158.0,137.0,102.0,-209.0,130.0,123.0,-236.0,118.0,128.0,-192.0,112.0,184.0,-205.0,116.0,229.0,-216.0,122.0,237.0,-183.0,151.0,128.0,-238.0,150.0,184.0,-210.0,158.0,228.0,-219.0,169.0,233.0,-191.0
120.0,89.0,-175.0,109.0,119.0,-158.0,98.0,151.0,-130.0,98.0,159.0,-125.0,159.0,102.0,-180.0,139.0,127.0,-163.0,108.0,143.0,-146.0,104.0,146.0,-132.0,152.0,70.0,-137.0,138.0,98.0,-150.0,138.0,102.0,-213.0,135.0,125.0,-239.0,115.0,125.0,-210.0,113.0,184.0,-208.0,115.0,229.0,-217.0,112.0,237.0,-180.0,151.0,125.0,-216.0,150.0,187.0,-201.0,159.0,230.0,-220.0,164.0,239.0,-186.0
120.0,86.0,-193.0,99.0,109.0,-176.0,76.0,129.0,-134.0,71.0,135.0,-123.0,155.0,97.0,-169.0,130.0,118.0,-157.0,96.0,124.0,-150.0,88.0,127.0,-147.0,148.0,68.0,-134.0,131.0,90.0,-155.0,140.0,101.0,-214.0,137.0,124.0,-236.0,115.0,124.0,-224.0,115.0,182.0,-211.0,116.0,227.0,-220.0,108.0,235.0,-185.0,148.0,124.0,-199.0,150.0,186.0,-201.0,159.0,228.0,-222.0,156.0,239.0,-187.0
120.0,85.0,-201.0,91.0,96.0,-185.0,63.0,100.0,-131.0,56.0,101.0,-119.0,151.0,94.0,-160.0,120.0,107.0,-150.0,85.0,105.0,-152.0,77.0,105.0,-147.0,144.0,64.0,-135.0,126.0,87.0,-156.0,142.0,99.0,-211.0,138.0,123.0,-231.0,116.0,123.0,-231.0,117.0,181.0,-213.0,116.0,225.0,-224.0,105.0,232.0,-194.0,145.0,123.0,-186.0,149.0,184.0,-204.0,159.0,226.0,-222.0,150.0,236.0,-192.0
119.0,87.0,-204.0,91.0,84.0,-216.0,79.0,67.0,-153.0,71.0,65.0,-144.0,149.0,89.0,-157.0,116.0,95.0,-147.0,85.0,82.0,-154.0,79.0,76.0,-155.0,138.0,58.0,-145.0,124.0,86.0,-158.0,143.0,99.0,-208.0,139.0,123.0,-225.0,116.0,123.0,-228.0,118.0,181.0,-217.0,118.0,225.0,-227.0,106.0,231.0,-199.0,144.0,123.0,-178.0,148.0,183.0,-206.0,158.0,225.0,-223.0,148.0,235.0,-195.0
118.0,85.0,-203.0,88.0,84.0,-208.0,87.0,59.0,-157.0,80.0,54.0,-150.0,148.0,86.0,-155.0,114.0,92.0,-146.0,87.0,73.0,-155.0,85.0,66.0,-160.0,136.0,56.0,-151.0,123.0,83.0,-157.0,141.0,97.0,-206.0,138.0,121.0,-223.0,115.0,123.0,-223.0,119.0,180.0,-217.0,118.0,224.0,-228.0,106.0,231.0,-198.0,145.0,123.0,-178.0,148.0,182.0,-204.0,158.0,224.0,-222.0,149.0,234.0,-193.0
118.0,85.0,-207.0,88.0,85.0,-205.0,89.0,60.0,-157.0,86.0,53.0,-148.0,148.0,85.0,-157.0,115.0,93.0,-144.0,89.0,71.0,-149.0,89.0,66.0,-160.0,136.0,56.0,-153.0,123.0,82.0,-160.0,141.0,97.0,-207.0,139.0,121.0,-222.0,116.0,122.0,-223.0,119.0,180.0,-217.0,118.0,224.0,-228.0,106.0,230.0,-199.0,145.0,122.0,-176.0,148.0,181.0,-203.0,158.0,224.0,-221.0,148.0,234.0,-193.0
118.0,85.0,-208.0,90.0,94.0,-196.0,88.0,68.0,-151.0,87.0,60.0,-142.0,149.0,84.0,-162.0,121.0,96.0,-141.0,92.0,77.0,-144.0,90.0,69.0,-145.0,136.0,53.0,-152.0,124.0,80.0,-162.0,142.0,97.0,-210.0,138.0,121.0,-223.0,115.0,122.0,-219.0,119.0,179.0,-215.0,118.0,223.0,-228.0,107.0,230.0,-197.0,147.0,122.0,-178.0,148.0,181.0,-203.0,158.0,223.0,-222.0,150.0,233.0,-191.0
120.0,86.0,-214.0,95.0,100.0,-191.0,86.0,78.0,-140.0,85.0,70.0,-131.0,151.0,83.0,-168.0,127.0,99.0,-140.0,95.0,86.0,-134.0,91.0,78.0,-134.0,138.0,55.0,-152.0,126.0,79.0,-168.0,142.0,99.0,-212.0,139.0,122.0,-223.0,116.0,123.0,-220.0,119.0,180.0,-213.0,118.0,224.0,-227.0,107.0,231.0,-197.0,148.0,123.0,-178.0,149.0,181.0,-205.0,158.0,223.0,-223.0,150.0,233.0,-192.0
122.0,86.0,-214.0,102.0,105.0,-187.0,87.0,92.0,-127.0,84.0,85.0,-117.0,155.0,85.0,-172.0,134.0,103.0,-142.0,99.0,98.0,-128.0,94.0,91.0,-123.0,139.0,54.0,-157.0,130.0,79.0,-170.0,144.0,100.0,-215.0,140.0,122.0,-223.0,117.0,125.0,-219.0,120.0,181.0,-212.0,119.0,225.0,-228.0,107.0,232.0,-198.0,149.0,125.0,-177.0,150.0,181.0,-206.0,158.0,223.0,-223.0,150.0,233.0,-193.0
123.0,85.0,-211.0,109.0,109.0,-182.0,93.0,117.0,-121.0,92.0,121.0,-108.0,158.0,85.0,-181.0,144.0,109.0,-150.0,113.0,119.0,-117.0,106.0,122.0,-109.0,140.0,55.0,-158.0,134.0,80.0,-171.0,144.0,100.0,-221.0,140.0,123.0,-223.0,117.0,124.0,-212.0,122.0,181.0,-211.0,119.0,224.0,-230.0,110.0,232.0,-197.0,152.0,124.0,-181.0,151.0,181.0,-208.0,159.0,224.0,-225.0,152.0,233.0,-192.0
122.0,85.0,-208.0,114.0,111.0,-182.0,103.0,136.0,-137.0,101.0,141.0,-125.0,159.0,86.0,-186.0,150.0,112.0,-156.0,130.0,135.0,-119.0,125.0,140.0,-110.0,144.0,54.0,-162.0,136.0,80.0,-171.0,144.0,99.0,-223.0,142.0,123.0,-224.0,120.0,123.0,-211.0,124.0,181.0,-211.0,120.0,223.0,-231.0,111.0,231.0,-197.0,155.0,123.0,-184.0,153.0,181.0,-208.0,159.0,224.0,-227.0,154.0,233.0,-194.0
122.0,85.0,-203.0,117.0,113.0,-179.0,112.0,144.0,-148.0,113.0,152.0,-144.0,160.0,86.0,-190.0,158.0,115.0,-166.0,149.0,145.0,-130.0,147.0,152.0,-122.0,144.0,53.0,-167.0,138.0,80.0,-170.0,143.0,99.0,-222.0,142.0,123.0,-225.0,120.0,124.0,-203.0,125.0,181.0,-210.0,120.0,223.0,-232.0,114.0,232.0,-197.0,158.0,124.0,-190.0,154.0,181.0,-207.0,160.0,224.0,-228.0,158.0,234.0,-193.0
121.0,84.0,-194.0,120.0,116.0,-182.0,126.0,149.0,-163.0,129.0,156.0,-160.0,161.0,86.0,-198.0,166.0,117.0,-184.0,172.0,149.0,-156.0,176.0,156.0,-152.0,144.0,53.0,-170.0,141.0,79.0,-169.0,141.0,100.0,-220.0,143.0,124.0,-223.0,123.0,125.0,-193.0,127.0,181.0,-208.0,121.0,221.0,-236.0,118.0,232.0,-201.0,162.0,125.0,-194.0,156.0,182.0,-205.0,161.0,223.0,-230.0,161.0,234.0,-194.0
122.0,85.0,-191.0,120.0,117.0,-182.0,128.0,149.0,-162.0,134.0,155.0,-161.0,161.0,86.0,-198.0,169.0,117.0,-192.0,181.0,149.0,-175.0,185.0,156.0,-175.0,144.0,53.0,-170.0,142.0,80.0,-168.0,141.0,100.0,-220.0,144.0,124.0,-221.0,125.0,125.0,-189.0,128.0,182.0,-206.0,121.0,221.0,-235.0,120.0,232.0,-200.0,164.0,125.0,-196.0,157.0,182.0,-205.0,161.0,223.0,-230.0,163.0,234.0,-195.0
122.0,85.0,-189.0,120.0,118.0,-183.0,130.0,149.0,-157.0,134.0,156.0,-155.0,161.0,87.0,-200.0,170.0,118.0,-201.0,184.0,149.0,-188.0,187.0,155.0,-192.0,143.0,53.0,-171.0,143.0,80.0,-168.0,141.0,100.0,-218.0,145.0,124.0,-221.0,127.0,126.0,-187.0,129.0,182.0,-204.0,122.0,221.0,-233.0,121.0,233.0,-199.0,166.0,126.0,-197.0,159.0,182.0,-205.0,162.0,224.0,-229.0,164.0,234.0,-194.0
123.0,86.0,-189.0,121.0,119.0,-182.0,128.0,149.0,-144.0,132.0,156.0,-140.0,162.0,87.0,-201.0,171.0,118.0,-208.0,182.0,150.0,-197.0,185.0,157.0,-195.0,143.0,54.0,-169.0,144.0,79.0,-170.0,142.0,102.0,-217.0,147.0,124.0,-220.0,128.0,127.0,-185.0,131.0,183.0,-202.0,122.0,222.0,-232.0,122.0,233.0,-198.0,168.0,127.0,-198.0,161.0,182.0,-206.0,162.0,224.0,-229.0,166.0,234.0,-194.0
124.0,86.0,-188.0,120.0,119.0,-181.0,127.0,147.0,-136.0,130.0,155.0,-131.0,163.0,87.0,-200.0,171.0,118.0,-208.0,178.0,151.0,-196.0,179.0,158.0,-200.0,144.0,54.0,-170.0,145.0,80.0,-168.0,143.0,101.0,-217.0,147.0,124.0,-219.0,128.0,127.0,-185.0,131.0,183.0,-202.0,122.0,222.0,-232.0,122.0,233.0,-198.0,167.0,127.0,-196.0,161.0,182.0,-205.0,161.0,223.0,-232.0,164.0,233.0,-197.0
124.0,87.0,-190.0,120.0,120.0,-182.0,125.0,147.0,-134.0,129.0,154.0,-128.0,163.0,86.0,-199.0,170.0,118.0,-207.0,174.0,152.0,-190.0,173.0,159.0,-192.0,144.0,53.0,-172.0,144.0,80.0,-169.0,143.0,101.0,-217.0,146.0,124.0,-220.0,127.0,127.0,-187.0,131.0,183.0,-203.0,122.0,222.0,-231.0,121.0,234.0,-197.0,166.0,127.0,-196.0,161.0,182.0,-205.0,162.0,223.0,-231.0,165.0,234.0,-197.0
124.0,86.0,-191.0,120.0,119.0,-187.0,123.0,148.0,-143.0,125.0,155.0,-134.0,164.0,86.0,-199.0,170.0,118.0,-206.0,172.0,152.0,-189.0,171.0,158.0,-194.0,144.0,53.0,-169.0,144.0,79.0,-169.0,144.0,101.0,-218.0,146.0,124.0,-220.0,126.0,126.0,-188.0,131.0,183.0,-205.0,122.0,222.0,-234.0,120.0,233.0,-199.0,166.0,126.0,-194.0,161.0,182.0,-205.0,162.0,223.0,-232.0,164.0,234.0,-197.0
124.0,86.0,-193.0,120.0,119.0,-190.0,123.0,151.0,-160.0,123.0,159.0,-151.0,164.0,86.0,-198.0,170.0,118.0,-206.0,172.0,152.0,-190.0,171.0,158.0,-196.0,145.0,53.0,-170.0,144.0,79.0,-169.0,144.0,101.0,-219.0,146.0,124.0,-220.0,126.0,126.0,-190.0,130.0,182.0,-206.0,122.0,221.0,-235.0,120.0,233.0,-200.0,165.0,126.0,-194.0,160.0,182.0,-204.0,161.0,223.0,-230.0,163.0,234.0,-195.0
124.0,85.0,-193.0,120.0,118.0,-194.0,122.0,153.0,-185.0,122.0,160.0,-186.0,163.0,86.0,-197.0,169.0,118.0,-204.0,170.0,152.0,-189.0,169.0,159.0,-193.0,145.0,53.0,-172.0,144.0,79.0,-169.0,144.0,100.0,-219.0,145.0,124.0,-222.0,125.0,125.0,-192.0,129.0,182.0,-208.0,122.0,221.0,-235.0,120.0,232.0,-200.0,165.0,125.0,-194.0,159.0,182.0,-205.0,161.0,224.0,-229.0,162.0,234.0,-194.0
