JJ_d: L0_L1,JJ_d: L1_L2,JJ_d: L2_L3,JJ_d: L2_L4,JJ_d: L4_L5,JJ_d: L5_L6,JJ_d: L6_L7,JJ_d: L2_L8,JJ_d: L8_L9,JJ_d: L9_L10,JJ_d: L10_L11,JJ_d: L0_L12,JJ_d: L12_L13,JJ_d: L13_L14,JJ_d: L14_L15,JJ_d: L0_L16,JJ_d: L16_L17,JJ_d: L17_L18,JJ_d: L18_L19,JJ_d: L3_L1,JJ_d: L4_L6,JJ_d: L8_L10,JJ_d: L12_L14,JJ_d: L16_L18,JJ_d: L3_L6,JJ_d: L3_L10,JJ_d: L3_L14,JJ_d: L3_L18,JJ_d: L6_L10,JJ_d: L6_L14,JJ_d: L6_L18,JJ_d: L11_L14,JJ_d: L11_L18,JJ_d: L14_L18,JJ_o: L0_L1 X,JJ_o: L0_L1 Y,JJ_o: L0_L1 Z,JJ_o: L1_L2 X,JJ_o: L1_L2 Y,JJ_o: L1_L2 Z,JJ_o: L2_L3 X,JJ_o: L2_L3 Y,JJ_o: L2_L3 Z,JJ_o: L2_L4 X,JJ_o: L2_L4 Y,JJ_o: L2_L4 Z,JJ_o: L4_L5 X,JJ_o: L4_L5 Y,JJ_o: L4_L5 Z,JJ_o: L5_L6 X,JJ_o: L5_L6 Y,JJ_o: L5_L6 Z,JJ_o: L6_L7 X,JJ_o: L6_L7 Y,JJ_o: L6_L7 Z,JJ_o: L2_L8 X,JJ_o: L2_L8 Y,JJ_o: L2_L8 Z,JJ_o: L8_L9 X,JJ_o: L8_L9 Y,JJ_o: L8_L9 Z,JJ_o: L9_L10 X,JJ_o: L9_L10 Y,JJ_o: L9_L10 Z,JJ_o: L10_L11 X,JJ_o: L10_L11 Y,JJ_o: L10_L11 Z,JJ_o: L0_L12 X,JJ_o: L0_L12 Y,JJ_o: L0_L12 Z,JJ_o: L12_L13 X,JJ_o: L12_L13 Y,JJ_o: L12_L13 Z,JJ_o: L13_L14 X,JJ_o: L13_L14 Y,JJ_o: L13_L14 Z,JJ_o: L14_L15 X,JJ_o: L14_L15 Y,JJ_o: L14_L15 Z,JJ_o: L0_L16 X,JJ_o: L0_L16 Y,JJ_o: L0_L16 Z,JJ_o: L16_L17 X,JJ_o: L16_L17 Y,JJ_o: L16_L17 Z,JJ_o: L17_L18 X,JJ_o: L17_L18 Y,JJ_o: L17_L18 Z,JJ_o: L18_L19 X,JJ_o: L18_L19 Y,JJ_o: L18_L19 Z,JJ_o: L3_L1 X,JJ_o: L3_L1 Y,JJ_o: L3_L1 Z,JJ_o: L4_L6 X,JJ_o: L4_L6 Y,JJ_o: L4_L6 Z,JJ_o: L8_L10 X,JJ_o: L8_L10 Y,JJ_o: L8_L10 Z,JJ_o: L12_L14 X,JJ_o: L12_L14 Y,JJ_o: L12_L14 Z,JJ_o: L16_L18 X,JJ_o: L16_L18 Y,JJ_o: L16_L18 Z,JJ_o: L3_L6 X,JJ_o: L3_L6 Y,JJ_o: L3_L6 Z,JJ_o: L3_L10 X,JJ_o: L3_L10 Y,JJ_o: L3_L10 Z,JJ_o: L3_L14 X,JJ_o: L3_L14 Y,JJ_o: L3_L14 Z,JJ_o: L3_L18 X,JJ_o: L3_L18 Y,JJ_o: L3_L18 Z,JJ_o: L6_L10 X,JJ_o: L6_L10 Y,JJ_o: L6_L10 Z,JJ_o: L6_L14 X,JJ_o: L6_L14 Y,JJ_o: L6_L14 Z,JJ_o: L6_L18 X,JJ_o: L6_L18 Y,JJ_o: L6_L18 Z,JJ_o: L11_L14 X,JJ_o: L11_L14 Y,JJ_o: L11_L14 Z,JJ_o: L11_L18 X,JJ_o: L11_L18 Y,JJ_o: L11_L18 Z,JJ_o: L14_L18 X,JJ_o: L14_L18 Y,JJ_o: L14_L18 Z,JL_d: p0_p7_p9,JL_d: p1_p8_p10,JL_d: p19_p2_p3,JL_d: p4_p13_p15,JL_d: p5_p14_p16,label
31.71750305430741,32.14031735997639,31.71750305430741,30.854497241083024,31.575306807693888,31.827660925679098,31.96873472629156,31.96873472629156,31.654383582688826,31.464265445104548,32.4037034920393,31.416556144810016,32.31098884280702,32.31098884280702,32.802438933713454,32.38826948140329,33.481338085566414,32.63433774416144,33.12099032335839,33.8673884437522,33.8673884437522,34.08812109811862,36.68787265568828,40.3732584763727,61.68468205316454,66.3023378170031,61.335144900782616,59.983331017875294,61.85466837676846,63.92182725798755,56.824290580701486,41.30375285612676,33.83784863137726,32.449961479175904,0.1891699983358295,-0.9773783247351191,-0.09458499916791475,-0.0890870806374748,-0.9799578870122228,-0.1781741612749496,-0.1203858530857692,-0.9630868246861536,0.2407717061715384,-0.5426700821217714,0.8398465556646462,-0.012920716240994556,-0.27827658634639785,-0.9585082418598149,-0.061839241410310636,-0.02797271194322297,-0.951072206069581,-0.30769983137545265,0.42857142857142855,-0.8571428571428571,0.2857142857142857,-0.18453560954328144,0.9323904482186851,-0.31079681607289505,0.04339630366027462,-0.9981149841863163,-0.04339630366027462,-0.09515422195433268,-0.3806168878173307,0.9198241455585492,-0.07820618870057751,-0.9775773587572189,-0.19551547175144376,0.0,-0.9510340687309481,-0.30908607233755814,-0.23000322710873397,-0.9035841064985977,0.36143364259943905,-0.06435634802102162,-0.9009888722943027,0.4290423201401441,0.0743066106927105,-0.24768870230903497,-0.9659859390052364,-0.6808821672097006,-0.6484592068663816,-0.3404410836048503,0.11691048441780633,-0.9352838753424506,0.33402995547944664,-0.02081978319639849,-0.8536111110523381,0.5204945799099623,0.025269934785963448,-0.2779692826455979,-0.960257521866611,0.09664542714103855,0.9906156281956451,0.09664542714103855,-0.14917067879033705,-0.9696094121371909,-0.19392188242743816,-0.0675244229362152,-0.634729575600423,0.7697784214728534,-0.1587883805002368,-0.9060278181484099,0.3923007047652909,0.05602341022698639,-0.9057117986696134,0.4201755767023979,-0.9436357753652237,0.1480212980965057,-0.2960425961930114,-0.3504615683484425,0.868535191124401,0.3504615683484425,-0.24773712362289438,-0.8475217387099018,0.4693966552854841,-0.46668821324962095,-0.7982824700322464,0.3807193318615329,0.4081615306519251,0.7142826786408689,0.5685107034080386,0.3362465170323809,-0.7670623669801189,0.5464005901776189,0.14808145493600713,-0.8315343238714247,0.5353714139994104,0.06070524211556314,-0.9814014142016041,0.18211572634668943,-0.13167637718359884,-0.9825083528314684,0.13167637718359884,-0.9670745372626465,0.0,-0.2544932992796438,83.83508656362463,72.94974760804362,3.695096646521056,20.88095845144873,102.30022681074541,18
32.66496594212215,32.07802986469088,39.153543900903784,40.620192023179804,30.347981810987037,29.410882339705484,29.017236257093817,28.30194339616981,31.591137997862628,31.591137997862628,29.223278392404914,31.400636936215164,30.773365106858236,30.512292604784715,31.622776601683793,31.32091952673165,31.464265445104548,33.67491648096547,33.77869150810907,34.19064199455752,35.156791662493895,34.336569426778794,33.37663853655727,33.793490497431605,34.583232931581165,34.583232931581165,34.539832078341085,34.42382895611701,35.4964786985977,35.185224171518364,34.713109915419565,35.52463933666322,36.701498607005135,37.389838191679836,0.18668141738611654,-0.9645206564949355,-0.18668141738611654,-0.11841784928346741,-0.976947256588606,-0.1776267739252011,-0.12403473458920847,-0.9922778767136677,0.0,-0.5335033310738062,0.8457979638974976,0.0,-0.28734788556634544,-0.9578262852211514,0.0,-0.054312544659356844,-0.9233132592090664,-0.38018781261549794,0.39391929857916763,-0.9191450300180578,0.0,-0.17565364887041027,0.9368194606421881,-0.3025146174990399,0.04343722427630694,-0.9990561583550596,0.0,-0.11083221732009717,-0.37999617366890454,0.9183240863665194,-0.08131156281817417,-0.97573875381809,-0.20327890704543541,-0.023589892481053584,-0.9435956992421434,-0.33025849473475016,-0.23265574080820256,-0.9140046960322243,0.33236534401171797,-0.06435634802102162,-0.9009888722943027,0.4290423201401441,0.07612644106337939,-0.25375480354459795,-0.9642682534694722,-0.6817671416214415,-0.6342019922059922,-0.36466614551844545,0.11876353966383377,-0.9501083173106701,0.2884257391835963,-0.021266970502955673,-0.8719457906211826,0.4891403215679805,0.05049152917868288,-0.2777034104827558,-0.9593390543949747,0.11979699629569004,0.9823353696246584,0.14375639555482805,-0.16558680306609208,-0.9634141269299903,-0.21074684026593538,-0.0801140210804897,-0.6275598317971693,0.7744355371114005,-0.1599367019419738,-0.912580005198321,0.37632165162817366,0.057091097297866975,-0.9229727396488494,0.3806073153191132,-0.9506590377082482,0.1677633595955732,-0.26096522603755834,-0.3425973954536784,0.8490457191678117,0.4021795511847529,-0.2446780129406477,-0.8370563600601105,0.4893560258812954,-0.4709698461750438,-0.8056063158257327,0.3594243562914808,0.4054565961646863,0.6950684505680337,0.5937043015268622,0.33355055938006656,-0.771335668566404,0.5420196589926082,0.15017115046798982,-0.8548203949716343,0.49671995924027396,0.060314454884943684,-0.9851360964540802,0.16083854635984982,-0.1311726786915052,-0.9888401932128854,0.07063144237234896,-0.9037378388935388,0.0,-0.42808634473904467,84.40710650632624,73.05882213829467,2.6493947619224225,19.831388901565198,104.10553562042935,18
37.456641600656084,36.810324638611924,36.359317925395686,36.359317925395686,36.0416425818802,39.11521443121589,53.018864567246254,63.89835678638379,57.227615711297986,50.37856687124,49.85980344927164,55.98214000911362,57.97413216254298,51.66236541235796,43.54308211415448,36.013886210738214,35.6931365951495,33.2264954516723,40.65710270051225,51.32250968142536,48.86716689148246,53.23532661682466,45.661800227323496,43.61192497471305,44.21538193886829,41.78516483155236,40.32369030731191,38.01315561749642,36.6333181680284,36.359317925395686,36.24913792078372,36.24913792078372,35.77708763999664,35.4682957019364,0.1891699983358295,-0.9773783247351191,-0.09458499916791475,-0.11699107611482469,-0.9651763779473037,-0.23398215222964938,-0.1414213562373095,-0.9899494936611665,0.0,-0.5126099175536055,0.8586216119022894,0.0,-0.30685820596610774,-0.951260438494934,0.030685820596610777,-0.053740921490045904,-0.9135956653307804,-0.4030569111753443,0.5494422557947561,-0.8241633836921342,-0.13736056394868904,-0.17391507288487007,0.9468709523731814,-0.27053455782090896,0.07874992309581577,-0.9843740386976972,-0.15749984619163154,-0.12533705172102463,-0.36034402369794577,0.9243607564425566,-0.07820618870057751,-0.9775773587572189,-0.19551547175144376,-0.024318019154289876,-0.9484027470173051,-0.31613424900576836,-0.2279211529192759,-0.9116846116771036,0.3418817293789138,-0.06624276084382791,-0.9053177315323147,0.4195374853442434,0.0743066106927105,-0.24768870230903497,-0.9659859390052364,-0.6926480253163015,-0.6282156508682735,-0.35437805946415424,0.11876353966383377,-0.9501083173106701,0.2884257391835963,-0.0206680399887278,-0.8680576795265676,0.4960329597294672,0.04961389383568338,-0.24806946917841693,-0.967470929795826,0.12166206387231804,0.9732965109785443,0.19465930219570887,-0.17760731757222906,-0.962039636849574,-0.20720853716760057,-0.0819155567294538,-0.6553244538356304,0.7508926033533265,-0.1599367019419738,-0.912580005198321,0.37632165162817366,0.05639087782161935,-0.9210510044197827,0.3853376651143989,-0.9506590377082482,0.1677633595955732,-0.26096522603755834,-0.3425973954536784,0.8490457191678117,0.4021795511847529,-0.2446780129406477,-0.8370563600601105,0.4893560258812954,-0.46424388855395987,-0.8063183327516146,0.3665083330689157,0.4054565961646863,0.6950684505680337,0.5937043015268622,0.33355055938006656,-0.771335668566404,0.5420196589926082,0.14786098852488097,-0.853044164566621,0.5004525765457509,0.06091762990492725,-0.9848350167963239,0.162447013079806,-0.13107263087076243,-0.9880859865642091,0.0806600805358538,-0.9205530079118674,-0.04845015831115092,-0.38760126648920734,82.42535891968302,72.49200888966408,2.212845838480044,21.14842145551935,105.72139704479626,18
8.306623862918075,8.06225774829855,7.0710678118654755,8.12403840463596,8.306623862918075,10.04987562112089,8.246211251235321,7.14142842854285,7.14142842854285,7.3484692283495345,10.677078252031311,10.04987562112089,8.306623862918075,8.06225774829855,11.575836902790225,11.40175425099138,8.602325267042627,9.0,9.643650760992955,10.677078252031311,8.602325267042627,11.40175425099138,8.602325267042627,10.04987562112089,13.638181696985855,10.488088481701515,9.899494936611665,9.643650760992955,11.0,13.152946437965905,10.488088481701515,9.433981132056603,8.94427190999916,7.280109889280518,0.19446111706564934,-0.9723055853282466,-0.12964074471043288,-0.11377602479771486,-0.9670962107805762,-0.2275520495954297,-0.12309149097933272,-0.8616404368553291,0.4923659639173309,-0.5219225767740764,0.8528978693625151,0.012729818945709181,-0.2786765050001846,-0.9598857394450804,-0.030964056111131625,-0.05570620037553528,-0.9191523061963321,-0.38994340262874694,0.39391929857916763,-0.9191450300180578,0.0,-0.17504626641235846,0.9433048801110429,-0.2820189847754664,0.04327423224079154,-0.9953073415382055,-0.08654846448158308,-0.11083221732009717,-0.37999617366890454,0.9183240863665194,-0.07820618870057751,-0.9775773587572189,-0.19551547175144376,-0.024318019154289876,-0.9484027470173051,-0.31613424900576836,-0.23265574080820256,-0.9140046960322243,0.33236534401171797,-0.06494175892662285,-0.90918462497272,0.4112978065352781,0.0743066106927105,-0.24768870230903497,-0.9659859390052364,-0.6886393541187115,-0.6245798793169709,-0.36834198011000846,0.10198832300548553,-0.951891014717865,0.288966915182209,-0.04250511420422255,-0.8713548411865623,0.48880881334855936,0.05049152917868288,-0.2777034104827558,-0.9593390543949747,0.12049067317796996,0.9880235200593538,0.09639253854237598,-0.16504539372577035,-0.9602641089499365,-0.22506190053514138,-0.0817936811823526,-0.640717169261762,0.7634076910352909,-0.16049882132375393,-0.9157873922590666,0.3682031783309649,0.0380952380952381,-0.9238095238095239,0.38095238095238093,-0.9272727272727272,0.18181818181818182,-0.32727272727272727,-0.3504615683484425,0.868535191124401,0.3504615683484425,-0.2507390677805504,-0.8577915476703039,0.44869096339677433,-0.4980582450917523,-0.8093446482740975,0.3112864031823452,0.40955636267337775,0.6874696087731698,0.599707531057446,0.3308830430129861,-0.7755071320616862,0.5376849448961024,0.12622018025610696,-0.8605921381098202,0.4934061591829636,0.06091762990492725,-0.9848350167963239,0.162447013079806,-0.15243556090099947,-0.9857499604931298,0.07113659508713308,-0.9191450300180578,0.0,-0.39391929857916763,83.11472491502388,72.22566052687851,5.448487841511914,21.013435264438478,104.10553562042935,18
8.48528137423857,9.1104335791443,7.874007874011811,14.89966442575134,8.774964387392123,9.486832980505138,10.63014581273465,7.874007874011811,9.219544457292887,8.660254037844387,7.280109889280518,8.246211251235321,7.3484692283495345,8.0,7.3484692283495345,8.06225774829855,7.615773105863909,77.3950902835574,76.8505042273634,78.03204469959762,78.55571271397135,78.23042886243178,76.909037180295,78.2559901860554,79.98124780221924,79.98124780221924,80.47981113297918,81.6394512475433,82.78888814327681,82.64381404557754,83.86894538504703,84.69356528095862,85.37564055396598,87.77812939451375,0.1900219065658609,-0.9817798505902814,0.0,-0.08737040566610378,-0.9610744623271417,-0.26211121699831136,-0.1203858530857692,-0.9630868246861536,0.2407717061715384,-0.5368754921931593,0.8436614877321076,0.0,-0.28734788556634544,-0.9578262852211514,0.0,-0.054312544659356844,-0.9233132592090664,-0.38018781261549794,0.3810003810005715,-0.8890008890013334,0.254000254000381,-0.17455994570626215,0.9406841518615239,-0.29093324284377026,0.0,-0.992876838486922,-0.11914522061843064,-0.10888431853193131,-0.34220785824321265,0.9332941588451255,-0.07820618870057751,-0.9775773587572189,-0.19551547175144376,0.0,-0.9796027006414902,-0.20094414372133132,-0.24961892862210383,-0.915269404947714,0.3161839762546648,-0.08618608271771433,-0.9265003892154291,0.3662908515502859,0.09944220203272568,-0.22374495457363278,-0.9695614698190753,-0.6841261980187581,-0.6352600410174182,-0.35835181800982563,0.08462429817658235,-0.9308672799424058,0.35542205234164587,-0.06189844605901729,-0.866578244826242,0.4951875684721383,0.05083285677753489,-0.2541642838876745,-0.9658242787731629,0.09572775448236508,0.9812094834442421,0.1675235703441389,-0.16558680306609208,-0.9634141269299903,-0.21074684026593538,-0.09432797294030383,-0.6333449611706115,0.7680992082281883,-0.17904620558675532,-0.9235014814474749,0.3392454421643785,0.018700574537226965,-0.9069778650555078,0.42076292708760676,-0.9400319838808434,0.1807753815155468,-0.2892406104248749,-0.3552146351444581,0.8584353682657738,0.3700152449421439,-0.2736054748444896,-0.8468740888043725,0.45600912474081595,-0.5108294681810459,-0.7784068086568319,0.3648781915578899,0.4054565961646863,0.6950684505680337,0.5937043015268622,0.3234259300188461,-0.7824820887552729,0.5320878203535856,0.1140198229291768,-0.8437466896759084,0.5244911854742133,0.05036904600660999,-0.9872333017295558,0.15110713801982997,-0.16191379752504434,-0.9816023974955814,0.10119612345315272,-0.9717641081037698,0.046274481338274755,-0.23137240669137377,83.00129401159138,73.34111474734809,3.9818214375814915,22.88111178769876,107.93661511940971,18
88.75809822207775,90.29396436085858,89.85543945694106,88.24964589164084,89.85543945694106,99.25220400575496,124.47489706764172,162.3021872927164,163.28196471135445,159.21683328090657,163.54204352398193,174.59095051004218,182.8578683021324,170.3202865192517,143.01748144894736,113.53413583587978,97.0051545022222,99.66443698732262,101.78899744078434,84.52810183601665,78.7210264160726,72.12489168102785,75.51158851461145,77.08436936240706,77.70456872024965,80.83316151184488,79.58014827832379,79.724525711979,78.9746794865291,77.91020472312982,79.23383115816122,79.96249120681522,78.44106067615353,78.52388171760232,0.18851526708200847,-0.9739955465903771,-0.12567684472133897,-0.08988322765679696,-0.9887155042247666,-0.11984430354239595,-0.09950371902099892,-0.7960297521679913,-0.5970223141259935,-0.533097299136449,0.8451542547285167,-0.03900711944900846,-0.3148142750102793,-0.944442825030838,-0.0944442825030838,-0.027724348650071385,-0.9426278541024271,-0.33269218380085663,0.39056673294247163,-0.9113223768657671,-0.13018891098082389,-0.18397245817400334,0.9295450518265432,-0.3195311115653742,0.04327423224079154,-0.9953073415382055,-0.08654846448158308,-0.09515422195433268,-0.3806168878173307,0.9198241455585492,-0.12146644952683741,-0.9717315962146993,-0.202444082544729,0.0,-0.9642053928037904,-0.26515648302104233,-0.23391886332130657,-0.9189669630479901,0.3174613145074875,-0.06435634802102162,-0.9009888722943027,0.4290423201401441,0.0988634249194571,-0.24715856229864275,-0.9639183929647067,-0.664993303920583,-0.6333269561148409,-0.39582934757177557,0.08462429817658235,-0.9308672799424058,0.35542205234164587,-0.060996275952168354,-0.8336157713463008,0.5489664835695152,0.07561690377971043,-0.2772619805256049,-0.9578141145429989,0.09435956992421433,0.967185591723197,0.23589892481053584,-0.16504539372577035,-0.9602641089499365,-0.22506190053514138,-0.0682311767618669,-0.6413730615615488,0.7641891797329092,-0.16049882132375393,-0.9157873922590666,0.3682031783309649,0.018630665602665245,-0.8942719489279317,0.44713597446396586,-0.9593655015712707,0.16929979439493012,-0.22573305919324013,-0.3384183119840334,0.8386888601343435,0.42670134989291164,-0.23843320595250023,-0.8156925466796061,0.5270628763160532,-0.4939809238555811,-0.7527328363513618,0.43517367101563104,0.4054565961646863,0.6950684505680337,0.5937043015268622,0.3297742591866291,-0.7626029743690799,0.5564940623774367,0.10183315294283758,-0.825980018314127,0.5544249437998935,0.07008063912918987,-0.9811289478086582,0.18020735776077396,-0.16134476568728143,-0.9781526419791436,0.13109262212091616,-0.9762956279494204,0.04244763599780089,-0.21223817998900443,83.98329852747227,72.26031754585388,6.541426575926879,20.49161965529997,106.75727192052852,18
32.341923257592455,31.32091952673165,32.58834147360065,32.29551052391029,31.32091952673165,31.76476034853718,31.464265445104548,32.341923257592455,32.341923257592455,31.336879231984796,31.63858403911275,32.58834147360065,32.63433774416144,33.03028912982749,32.202484376209235,32.202484376209235,32.09361307176243,32.09361307176243,32.09361307176243,32.341923257592455,31.63858403911275,31.953090617340916,32.38826948140329,31.654383582688826,31.448370387032774,32.449961479175904,31.144823004794873,37.86819245752297,46.49731175025068,50.92150822589606,55.86591089385369,51.90375708944392,40.01249804748511,31.0322412983658,0.18768337412695632,-0.9696974329892744,-0.1564028117724636,-0.05918299561721821,-0.9765194276841005,-0.20714048466026375,-0.24253562503633297,-0.9701425001453319,0.0,-0.5367001286437504,0.8433859164401791,-0.02555714898303573,-0.28603877677367767,-0.9534625892455922,-0.09534625892455922,-0.05587987562271126,-0.9499578855860914,-0.3073393159249119,0.46499055497527714,-0.813733471206735,0.34874291623145787,-0.19389168358237033,0.9306800811953776,-0.3102266937317925,0.086629616364842,-0.996240588195683,0.0,-0.12906583835345536,-0.3710642852661842,0.9195940982683695,-0.07820618870057751,-0.9775773587572189,-0.19551547175144376,0.0,-0.9557790087219501,-0.2940858488375231,-0.21917723040634443,-0.9272882824883804,0.3034761651780154,-0.06524823424355335,-0.9352246908242646,0.34799058263228455,0.12395847590718317,-0.22312525663292973,-0.9668761120760289,-0.6494043741337164,-0.6177261119808523,-0.44349567014009905,0.08179155320084519,-0.9160653958494661,0.39259945536405694,-0.06204388744432805,-0.8272518325910407,0.5583949869989525,0.07561690377971043,-0.2772619805256049,-0.9578141145429989,0.09572775448236508,0.9812094834442421,0.1675235703441389,-0.16558680306609208,-0.9634141269299903,-0.21074684026593538,-0.08164209898910481,-0.6259227589164702,0.7755999403964956,-0.15244318679334118,-0.9337145191092148,0.32394177193585,0.01839513108526339,-0.8829662920926427,0.46907584267421637,-0.9378740376603972,0.18389687012948966,-0.29423499220718347,-0.3552146351444581,0.8584353682657738,0.3700152449421439,-0.2383113246724421,-0.8605686724282631,0.4501436132701684,-0.49447860510753233,-0.7598085883359643,0.42211588240886905,0.393250220731303,0.6991115035223164,0.5971577425919786,0.3437873053340943,-0.7813347848502143,0.5208898565668095,0.11159435525389715,-0.8146387933534491,0.5691312117948754,0.0805496124440236,-0.986732752439289,0.14096182177704128,-0.15256954942433834,-0.9764451163157655,0.15256954942433834,-0.9953073415382055,0.08654846448158308,0.04327423224079154,82.79642006620507,72.66012603576522,1.8975035060547008,23.170057381231352,105.24001345331858,18
34.132096331752024,52.96225070746144,46.62617290749907,58.70264048575669,64.17164482853778,51.86520991955976,45.28796749689701,42.81354925721529,37.749172176353746,36.30426972134269,34.713109915419565,33.436506994600975,31.827660925679098,31.96873472629156,31.96873472629156,31.827660925679098,33.13608305156178,35.749125863438955,36.823905279043935,37.21558813185679,35.90264614203248,36.823905279043935,36.069377593742864,35.79106033634656,36.11094017053558,35.749125863438955,37.013511046643494,36.76955262170047,36.41428291206625,36.41428291206625,35.52463933666322,35.566838487557476,35.566838487557476,35.4964786985977,0.18768337412695632,-0.9696974329892744,-0.1564028117724636,-0.05783149319662402,-0.9831353843426084,-0.17349447958987207,-0.14002800840280097,-0.9801960588196068,-0.14002800840280097,-0.5251230901505718,0.8501992888152116,-0.037508792153612275,-0.27827658634639785,-0.9585082418598149,-0.061839241410310636,-0.05538487756217113,-0.9415429185569092,-0.3323092653730268,0.5661385170722978,-0.792593923901217,0.22645540682891913,-0.1904502806358372,0.9332063751156021,-0.30472044901733947,0.08297398136450224,-0.9956877763740267,-0.04148699068225112,-0.12906583835345536,-0.3710642852661842,0.9195940982683695,-0.07874992309581577,-0.9843740386976972,-0.15749984619163154,0.0,-0.9557790087219501,-0.2940858488375231,-0.216847448230589,-0.9174315117447995,0.3336114588162908,-0.04418338818060039,-0.9499428458829083,0.30928371726420273,0.09944220203272568,-0.22374495457363278,-0.9695614698190753,-0.6539316157884576,-0.6220325125792645,-0.43063789332410624,0.08247860988423225,-0.9072647087265548,0.4123930494211613,-0.04116062893098295,-0.8437928930851505,0.5350881761027784,0.07561690377971043,-0.2772619805256049,-0.9578141145429989,0.07194017065667524,0.983182332307895,0.1678603981989089,-0.16321840149752243,-0.9644723724853598,-0.20773251099684673,-0.0817936811823526,-0.640717169261762,0.7634076910352909,-0.14311700144908668,-0.935031076134033,0.32439853661792983,0.027586862953412266,-0.8827796145091925,0.46897667020800854,-0.9400319838808434,0.1807753815155468,-0.2892406104248749,-0.36804524702517766,0.8538649730984121,0.36804524702517766,-0.2383113246724421,-0.8605686724282631,0.4501436132701684,-0.4919449052557443,-0.7559153422222412,0.431951624126995,0.393250220731303,0.6991115035223164,0.5971577425919786,0.35292427457411535,-0.7785094292076074,0.5190062861384049,0.12181684060060083,-0.8084208512585328,0.5758614282937493,0.09066428281189798,-0.9872333017295558,0.13095951961718597,-0.1426123400957191,-0.9779131892277881,0.1527989358168419,-0.9925232596048371,0.08630637040042062,0.08630637040042062,82.38187122621663,72.65852513063358,2.4558493114512308,25.06242087385843,104.61118487045258,18
35.4964786985977,34.61213659975356,34.61213659975356,35.298725189445584,35.566838487557476,36.46916505762094,38.79432948254165,45.58508528016593,52.87721626560914,57.34980383575867,48.67237409455183,44.14748010928823,38.01315561749642,28.722813232690143,28.089143810376278,32.449961479175904,36.235341863986875,45.0111097397076,33.19638534539566,52.354560450833695,65.62773803811922,58.137767414994535,47.634021455258214,44.19275958796871,43.104524124504614,43.01162633521314,40.718546143004666,39.736632972611055,36.46916505762094,36.810324638611924,36.180105030251084,36.52396473549935,38.13135192987524,37.21558813185679,0.15795600590164086,-0.9793272365901734,-0.1263648047213127,-0.05783149319662402,-0.9831353843426084,-0.17349447958987207,-0.14002800840280097,-0.9801960588196068,-0.14002800840280097,-0.5251230901505718,0.8501992888152116,-0.037508792153612275,-0.27827658634639785,-0.9585082418598149,-0.061839241410310636,-0.02797271194322297,-0.951072206069581,-0.30769983137545265,0.5494422557947561,-0.8241633836921342,-0.13736056394868904,-0.19099661819606834,0.9358834291607349,-0.2960447582039059,0.08240856434303293,-0.988902772116395,-0.12361284651454937,-0.12533705172102463,-0.36034402369794577,0.9243607564425566,-0.04075695729696112,-0.9781669751270669,-0.2037847864848056,-0.024499797877501263,-0.9554921172225493,-0.2939975745300152,-0.2135744251723958,-0.9200129084349359,0.3285760387267628,-0.044215768828538185,-0.9064232609850329,0.4200498038711128,0.1262288229467072,-0.2524576458934144,-0.9593390543949747,-0.6673395577455206,-0.6196724464779834,-0.4131149643186556,0.09882653870858735,-0.9059099381620507,0.41177724461911397,-0.04116062893098295,-0.8437928930851505,0.5350881761027784,0.07561690377971043,-0.2772619805256049,-0.9578141145429989,0.07194017065667524,0.983182332307895,0.1678603981989089,-0.14917067879033705,-0.9696094121371909,-0.19392188242743816,-0.0817936811823526,-0.640717169261762,0.7634076910352909,-0.14202227715231952,-0.9184107255849995,0.36925792059603074,0.03677160269569816,-0.8825184646967559,0.46883793437015153,-0.9428291799743329,0.1848684666616339,-0.2773026999924509,-0.36602789531680996,0.8491847171349991,0.38066901112948237,-0.2350582639450066,-0.8357627162489123,0.4962341127727917,-0.48276938409852543,-0.7603617799551776,0.4344924456886729,0.3808323183060763,0.7030750491804485,0.6005432711749664,0.34084071312239633,-0.7643094779108282,0.547410842287485,0.1225935924941878,-0.81357565927961,0.5683884742912343,0.08017255669518268,-0.9821138195159879,0.1703666829772632,-0.14120539069073132,-0.9783516355000671,0.15129149002578357,-0.994874389621496,0.045221563164613454,-0.09044312632922691,81.73103503212195,72.4586401526792,2.387794436685336,20.703926510922567,106.86729483352693,18
7.0,7.615773105863909,7.280109889280518,7.615773105863909,7.874007874011811,7.681145747868608,8.602325267042627,8.831760866327848,7.280109889280518,8.12403840463596,8.306623862918075,8.246211251235321,7.874007874011811,7.810249675906654,9.273618495495704,7.3484692283495345,7.14142842854285,8.06225774829855,8.366600265340756,8.306623862918075,7.483314773547883,7.280109889280518,8.06225774829855,8.306623862918075,8.12403840463596,12.328828005937952,12.449899597988733,13.92838827718412,15.0996688705415,9.38083151964686,9.899494936611665,8.602325267042627,7.3484692283495345,8.06225774829855,0.15891043154093204,-0.9852446755537787,-0.06356417261637282,-0.028952080535072162,-0.9843707381924535,-0.17371248321043298,-0.2721655269759087,-0.9525793444156804,-0.13608276348795434,-0.5342954884542388,0.8449324003462382,-0.024850952951359945,-0.28720154082267124,-0.9573384694089041,-0.03191128231363014,-0.02701716134791496,-0.9456006471770236,-0.3242059361749795,0.4923659639173309,-0.6154574548966636,0.6154574548966636,-0.18930364948299144,0.9370530649408076,-0.2934206566986367,0.03946685189819292,-0.986671297454823,-0.15786740759277168,-0.10888431853193131,-0.34220785824321265,0.9332941588451255,-0.07874992309581577,-0.9843740386976972,-0.15749984619163154,0.0,-0.983453188589073,-0.1811624294769345,-0.21579921880824188,-0.9295966348662726,0.2987989183498734,-0.022416791983111015,-0.9415052632906626,0.3362518797466652,0.10127393670836667,-0.25318484177091666,-0.9621023987294833,-0.6870490468870997,-0.6216158043264235,-0.37624114472388787,0.0974611755458874,-0.8933941091706344,0.4385752899564933,-0.042061011686753615,-0.8622507395784491,0.5047321402410434,0.10059909096557137,-0.2766475001553213,-0.9556913641729281,0.07194017065667524,0.983182332307895,0.1678603981989089,-0.14917067879033705,-0.9696094121371909,-0.19392188242743816,-0.0817936811823526,-0.640717169261762,0.7634076910352909,-0.13416339414462058,-0.9391437590123441,0.31624228619803424,0.03677160269569816,-0.8825184646967559,0.46883793437015153,-0.9475364565836277,0.18579146207522113,-0.2601080469053096,-0.3488534236278088,0.8575979997516967,0.37792454226345956,-0.21424942271470504,-0.8569976908588202,0.46867061218841727,-0.48460824278987596,-0.7511427763243077,0.44826262458063526,0.392584540659056,0.7124682404553239,0.5816067269023052,0.3668593808498191,-0.7756455480824748,0.5136031331897468,0.12371269851287177,-0.8097558448115243,0.5735770567414964,0.10064111310652807,-0.986282908443975,0.13083344703848648,-0.1426123400957191,-0.9779131892277881,0.1527989358168419,-0.9931270663228415,0.0827605888602368,0.0827605888602368,80.6590429307001,72.65589005211139,1.5898485691047686,23.38692627836769,106.53910735194297,18
10.816653826391969,7.874007874011811,8.774964387392123,13.152946437965905,10.246950765959598,9.1104335791443,8.54400374531753,8.48528137423857,8.602325267042627,8.306623862918075,8.12403840463596,9.1104335791443,7.874007874011811,8.602325267042627,8.12403840463596,9.695359714832659,11.224972160321824,102.96115772464877,102.47438704378767,103.49879226348489,102.82995672468213,103.11643903859365,103.27632836231156,103.15037566582102,105.01428474260061,104.71389592599446,105.65036677645753,107.00467279516349,105.49407566304374,105.0,106.14612569472331,105.72133181151285,105.32331175955302,105.30906893520614,0.1543033499620919,-0.9875414397573883,-0.030860669992418384,-0.058099289377412676,-0.9876879194160154,-0.1452482234435317,-0.0936585811581694,-0.6556100681071858,-0.7492686492653552,-0.51445715714881,0.8574285952480167,-0.012248979932114525,-0.31606977062050695,-0.9482093118615209,0.0316069770620507,0.0,-0.924678098474716,-0.38074980525429486,0.4815434123430768,-0.8427009716003844,-0.2407717061715384,-0.17756233913607913,0.9345386270319954,-0.3083977469205585,0.0,-0.9965457582448796,-0.08304547985373997,-0.09432749714556155,-0.36158873905798594,0.9275537219313552,-0.07918075824648958,-0.9897594780811197,-0.11877113736973437,-0.025742776142551403,-0.9782254934169533,-0.20594220914041123,-0.21240242255770594,-0.914964281787041,0.3431116056701404,0.022124110386665733,-0.907088525853295,0.4203580973466489,0.07612644106337939,-0.25375480354459795,-0.9642682534694722,-0.7113513893458334,-0.6286361115149225,-0.31431805575746125,0.0974611755458874,-0.8933941091706344,0.4385752899564933,0.0,-0.8721430411136099,0.48925097428324454,0.05083285677753489,-0.2541642838876745,-0.9658242787731629,0.069579541056407,0.9509203944375623,0.30151134457776363,-0.15135886972883328,-0.9686967662645329,-0.19676653064748326,-0.080948149079897,-0.6340938344591932,0.7690074162590216,-0.11362800846341209,-0.918493068412581,0.3787600282113736,0.05534716228536822,-0.8855545965658915,0.4612263523780685,-0.9627784099010698,0.24541410448458642,-0.11326804822365527,-0.3328201177351375,0.8320502943378437,0.4437601569801833,-0.19073105326789094,-0.7883550201739493,0.5849085633548656,-0.457495710997814,-0.7155702146376065,0.5278796665359392,0.40787546089708343,0.71000543193196,0.5740469449662655,0.3669459778350904,-0.7644707871564383,0.5300330790951306,0.1323484690530037,-0.816148892493523,0.5624809934752658,0.11100922102905664,-0.978899494528954,0.1715597052267239,-0.13239827015347602,-0.9777103026718229,0.16295171711197048,-0.9982683969692436,0.04159451654038515,-0.04159451654038515,80.95109040526069,73.54323800765496,8.867101207329451,20.19051515719857,107.61585347787181,18
103.83159442096611,104.7807234180028,104.513157066467,104.63746938836012,105.24257693538296,105.54146104730596,114.10083259994205,128.79052760199409,128.7206277175496,121.39604606411199,120.32456108376212,135.45109818676258,157.54681843820268,164.5265935950781,137.85862323409444,112.21853679316978,93.34345183246653,96.58674857349739,100.11992808627062,108.2497113160123,100.30952098380293,94.68368391650169,94.18067742376883,92.83856957105705,93.96807968666806,98.60020283954795,99.08582138732059,101.16817681464859,100.80674580602232,101.45935146648632,102.65476121447071,102.39628899525607,102.39628899525607,102.65476121447071,0.1591517535198076,-0.986740871822807,-0.031830350703961514,-0.0563436169819011,-0.9578414886923188,-0.2817180849095055,-0.09950371902099892,-0.5970223141259935,0.7960297521679913,-0.5073144590046142,0.8576030140316099,0.08455240983410238,-0.30685820596610774,-0.951260438494934,0.030685820596610777,-0.027461751819054487,-0.9336995618478525,-0.3570027736477083,0.48507125007266594,-0.7276068751089989,0.48507125007266594,-0.18958410578316787,0.9479205289158393,-0.2559385428072766,0.03984095364447979,-0.9960238411119947,-0.07968190728895957,-0.10888431853193131,-0.34220785824321265,0.9332941588451255,0.0,-0.9922778767136677,-0.12403473458920847,0.0,-0.9730802874900094,-0.23046638387921276,-0.2271996913795676,-0.8925702161340157,0.3894851852221159,0.0,-0.8987684456438996,0.43842363202141443,0.0743066106927105,-0.24768870230903497,-0.9659859390052364,-0.7279775239917012,-0.6433289746903407,-0.23701593804380972,0.10032098331096906,-0.9028888497987215,0.41800409712903774,0.021486752129677003,-0.8809568373167571,0.47270854685289404,0.0,-0.24837535026770383,-0.968663866044045,0.0746971567068439,0.9959620894245853,0.04979810447122927,-0.1641608207084726,-0.970041213277338,-0.1790845316819701,-0.0801140210804897,-0.6275598317971693,0.7744355371114005,-0.13142209079887265,-0.9011800511922696,0.4130408567964569,0.06590005027906774,-0.8943578252159194,0.4424717661594549,-0.9467072184722465,0.2184708965705184,-0.23667680461806162,-0.3672105410326931,0.8666168768371557,0.33783369775007766,-0.21250382624469716,-0.836733815838495,0.5046965873311557,-0.4683156655248057,-0.7640939805931041,0.4436674726024475,0.4149428994756078,0.7223080101982803,0.5532571993008104,0.36892527714080736,-0.7685943273766821,0.5226441426161438,0.15581546476864147,-0.8235960280628193,0.5453541266902452,0.08995952731701301,-0.9795592974519195,0.17991905463402602,-0.13109262212091616,-0.9781526419791436,0.16134476568728143,-0.994874389621496,0.045221563164613454,-0.09044312632922691,79.50609293573626,73.86307242352996,8.427884080469436,20.0519082439214,100.33103184419186,18
23.043437243605826,23.021728866442675,25.39685019840059,23.108440016582687,25.179356624028344,23.108440016582687,23.08679276123039,24.1039415863879,24.269322199023193,25.337718918639855,24.08318915758459,25.099800796022265,25.337718918639855,25.199206336708304,24.020824298928627,26.476404589747453,27.820855486487112,27.49545416973504,27.09243436828813,28.337254630609507,27.94637722496424,28.792360097775937,28.160255680657446,28.982753492378876,29.631064780058107,36.52396473549935,39.67366884975475,34.942810419312295,37.92097045171708,43.55456348076513,44.63182720884279,33.77869150810907,21.18962010041709,25.475478405713993,0.12379689211803459,-0.9903751369442767,-0.061898446059017294,-0.028421021140160225,-0.9663147187654477,-0.25578919026144203,-0.1203858530857692,-0.9630868246861536,-0.2407717061715384,-0.5203051250307225,0.8470083430732691,0.10890107268084889,-0.30642570651794776,-0.9499196902056382,0.06128514130358956,-0.027461751819054487,-0.9336995618478525,-0.3570027736477083,0.6350006350009525,-0.762000762001143,-0.1270001270001905,-0.19047619047619047,0.9523809523809523,-0.23809523809523808,-0.03946685189819292,-0.986671297454823,-0.15786740759277168,-0.06156761287194802,-0.3386218707957141,0.9389060962972073,-0.03984095364447979,-0.9960238411119947,-0.07968190728895957,-0.024382992454708537,-0.9753196981883415,-0.21944693209237684,-0.2257477319521489,-0.8868660898120135,0.4031209499145516,0.021703261485649127,-0.8898337209116142,0.45576849119863166,0.04961389383568338,-0.24806946917841693,-0.967470929795826,-0.7296939394873254,-0.6633581268066594,-0.16583953170166485,0.10258283881360837,-0.9061484095202073,0.4103313552544335,0.021291058142914557,-0.8942244420024114,0.4471122210012057,0.0,-0.24837535026770383,-0.968663866044045,0.04601654592292373,0.9663474643813984,0.2530910025760805,-0.1645828994193655,-0.972535314750796,-0.1645828994193655,-0.0675244229362152,-0.634729575600423,0.7697784214728534,-0.12122035473560491,-0.8951656965090825,0.42893356291060203,0.06644405274543622,-0.90174071583092,0.42714033907780424,-0.9712108440981052,0.23822152779764846,0.0,-0.3250075821880713,0.8260609380613478,0.4604274080997677,-0.19694638556693236,-0.7631672440718629,0.6154574548966636,-0.44895850852842617,-0.7022171543649743,0.5525643181888322,0.4421944389955994,0.7319080369582335,0.518434859512082,0.37973192455608695,-0.7697268741001763,0.5131512494001176,0.15676007515783624,-0.8285889686914202,0.5374631148268671,0.08995952731701301,-0.9795592974519195,0.17991905463402602,-0.1409832624679824,-0.9768126042424494,0.16112372853483703,-0.9953073415382055,0.04327423224079154,-0.08654846448158308,80.58322319409375,72.74087567258387,4.095907276818123,19.107041221043175,96.51910538809419,18
23.021728866442675,25.729360660537214,38.34057902536163,29.0,42.49705872175156,33.76388603226827,32.17141588429082,26.851443164195103,27.748873851023216,28.982753492378876,26.720778431774775,28.460498941515414,28.089143810376278,26.92582403567252,24.515301344262525,25.709920264364882,24.55605831561735,63.05553108173778,63.15853069855251,63.82789358893179,63.15853069855251,64.28841264178172,63.05553108173778,61.98386886924694,61.98386886924694,63.82789358893179,64.28841264178172,63.608175575157006,64.28841264178172,64.96922348312314,65.85590330410783,64.96922348312314,66.41535966928132,65.45991139621256,0.12379689211803459,-0.9903751369442767,-0.061898446059017294,0.0,-0.9794570432566515,-0.20165292067048707,-0.12403473458920847,-0.9922778767136677,0.0,-0.5127046703947997,0.846558874372809,0.1430803731334325,-0.33302766308716997,-0.9385325050638426,0.09082572629650089,-0.05629895298995757,-0.9289327243342999,-0.3659431944347242,0.5121475197315839,-0.7682212795973759,0.3841106397986879,-0.19784047568910887,0.9515184783142855,-0.2355243758203677,-0.03968378950662725,-0.9920947376656813,-0.11905136851988177,-0.045554002746673615,-0.33406268680893986,0.9414493900979214,-0.07949286335171643,-0.9936607918964553,-0.07949286335171643,-0.02511009804759127,-0.9792938238560595,-0.20088078438073015,-0.20611564746694744,-0.8720277392832392,0.44394139454419446,0.043375886673183456,-0.8892056768002609,0.4554468100684263,0.0,-0.2544932992796438,-0.9670745372626465,-0.7466211440471443,-0.6617778322236052,-0.0678746494588313,0.11919318993352526,-0.9194903223443377,0.37460716836250796,0.043375886673183456,-0.8892056768002609,0.4554468100684263,-0.024829877392851134,-0.24829877392851135,-0.9683652183211943,0.023479095302146476,0.9861220026901519,0.16435366711502533,-0.19676653064748326,-0.9686967662645329,-0.15135886972883328,-0.052953431385969175,-0.6222028187851378,0.7810631129430453,-0.10153029138220136,-0.8860825429719392,0.4522712979752606,0.08598769720838188,-0.9076479149773643,0.4108301088844912,-0.9641706678947035,0.2629556366985555,0.0350607515598074,-0.3214029504033481,0.8302909552086493,0.45532084640474313,-0.1868297826093923,-0.7597744492781954,0.6227659420313076,-0.4433013182830702,-0.6999494499206371,0.5599595599365097,0.47868242309914877,0.7257443188922578,0.4941237915862181,0.40655781409087083,-0.7724598467726546,0.487869376909045,0.18971040393162514,-0.8369576644042286,0.5133340341679269,0.10973148638557893,-0.9776077877987942,0.17956061408549281,-0.12116268218846286,-0.9793983476900748,0.16155024291795048,-0.9953073415382055,0.04327423224079154,-0.08654846448158308,80.44820416084478,73.36711628124219,3.133181385130201,18.41017440176207,95.1396729921287,18
64.85368146836385,64.85368146836385,66.47555941848101,64.03124237432849,64.96922348312314,63.608175575157006,61.065538563088104,57.245087125446844,55.86591089385369,51.32250968142536,48.91829923454004,50.70502933634887,50.21951811795888,44.955533585978046,38.897300677553446,35.34119409414458,33.74907406137241,38.48376280978771,44.77722635447622,53.103672189407014,44.27188724235731,58.497863208838666,50.33885179461288,51.894122981316485,49.34571916590131,54.08326913195984,56.859475903318,56.586217403180434,61.196405123176966,60.108235708594876,60.83584469702052,59.447455790807396,60.0416522091123,59.14389233048498,0.12194215216993846,-0.9755372173595077,-0.1829132282549077,-0.028149476494978783,-0.9852316773242574,-0.1688968589698727,0.17277368511627203,-0.6047078979069521,-0.7774815830232241,-0.49590544288307015,0.8501236163709774,0.17710908674395362,-0.3415885517244953,-0.9316051410668054,0.12421401880890738,-0.08434823356733,-0.9559466470964066,-0.28116077855776667,0.539163866017192,-0.539163866017192,-0.6469966392206304,-0.18917658014049005,0.9553417297094747,-0.22701189616858805,-0.04163054471218133,-0.999133073092352,0.0,-0.06156761287194802,-0.3386218707957141,0.9389060962972073,-0.11877113736973437,-0.9897594780811197,-0.07918075824648958,-0.050948180211266764,-0.993489514119702,-0.10189636042253353,-0.21172526114494827,-0.8957607202286274,0.39087740519067377,0.043375886673183456,-0.8892056768002609,0.4554468100684263,0.05083285677753489,-0.2541642838876745,-0.9658242787731629,-0.7489604984609319,-0.649099098666141,-0.13314853305972124,0.13329631172125406,-0.8830880651533081,0.4498750520592324,0.04334531515287676,-0.910251618210412,0.41178049395232924,0.0,-0.2544932992796438,-0.9670745372626465,-0.022416791983111015,0.9415052632906626,0.3362518797466652,-0.21280626510866857,-0.9728286404967706,-0.09120268504657225,-0.06530509976987708,-0.6008069178828691,0.7967222171925004,-0.10319657713717412,-0.9006246731971559,0.42216781556116684,0.09431863916238213,-0.8960270720426302,0.4338657401469578,-0.9271992456283547,0.2397929083521607,0.2877514900225928,-0.33012861218477685,0.7580731094613394,0.562441339277768,-0.20265696160434016,-0.6867819254369305,0.6980406455260605,-0.42931406138066236,-0.6439710920709935,0.6332382405364769,0.4929959611432849,0.747445489475303,0.44528667458103155,0.41451333614483915,-0.7875753386751944,0.45596466975932304,0.2060678481963849,-0.8586160341516037,0.46937676533621003,0.11957031889081218,-0.9764909376082995,0.1793554783362183,-0.10135713568457437,-0.9831642161403714,0.15203570352686155,-0.9898267954648645,0.04499212706658475,-0.13497638119975425,79.4128745932471,72.57347097424028,11.267803949718832,17.845011217605627,106.37235766559054,18
25.573423705088842,24.596747752497688,25.573423705088842,25.573423705088842,25.573423705088842,24.698178070456937,25.573423705088842,25.39685019840059,24.535688292770594,25.39685019840059,25.25866188063018,24.186773244895647,25.099800796022265,25.15949125081825,25.25866188063018,25.25866188063018,24.20743687382041,25.099800796022265,24.166091947189145,25.25866188063018,25.25866188063018,24.166091947189145,24.372115213907882,25.495097567963924,24.596747752497688,22.22611077089287,22.22611077089287,22.44994432064365,23.108440016582687,25.337718918639855,26.38181191654584,25.337718918639855,23.769728648009426,26.019223662515376,0.12350150421888768,-0.9880120337511015,-0.09262612816416577,-0.027246843806239894,-0.9536395332183963,-0.2997152818686388,0.0,-0.6139406135149205,-0.7893522173763263,-0.49194360039327356,0.8316189435219624,0.2576847430631433,-0.3415885517244953,-0.9316051410668054,0.12421401880890738,-0.08434823356733,-0.9559466470964066,-0.28116077855776667,0.6804138174397717,-0.6804138174397717,-0.2721655269759087,-0.18989148428658256,0.9684465698615711,-0.1614077616435952,-0.11330843619007469,-0.9820064469806473,-0.1510779149200996,-0.01505675802976226,-0.31619191862500745,0.9485757558750224,-0.11877113736973437,-0.9897594780811197,-0.07918075824648958,-0.05041126918647362,-0.9830197491362357,-0.1764394421526577,-0.20317460923263614,-0.859584885214999,0.4688644828445449,0.04334531515287676,-0.910251618210412,0.41178049395232924,0.0,-0.24837535026770383,-0.968663866044045,-0.7552632224670202,-0.6545614594714174,0.03356725433186756,0.12108624659432966,-0.9167958670713532,0.38055677501075036,0.06551217820804184,-0.9171704949125857,0.39307306924825103,-0.04961389383568338,-0.24806946917841693,-0.967470929795826,0.021491713855208944,0.9026519819187757,0.4298342771041789,-0.21280626510866857,-0.9728286404967706,-0.09120268504657225,-0.052953431385969175,-0.6222028187851378,0.7810631129430453,-0.10070574863547095,-0.8880416016036984,0.44859833483073425,0.09656090991705352,-0.9173286442120084,0.38624363966821407,-0.8902356910080635,0.2225589227520159,0.397426647771457,-0.286425549662066,0.7399326699603372,0.6086542930318903,-0.1753589197923811,-0.6795158141954768,0.7123956116565482,-0.3947000264850834,-0.6232105681343422,0.6751447821455373,0.5057116329928112,0.7585674494892167,0.41089070180665904,0.4222003309207491,-0.8021806287494233,0.4222003309207491,0.2092457497388747,-0.8602325267042626,0.4649905549752771,0.10903387875539987,-0.9813049087985989,0.1585947327351271,-0.11119623416895852,-0.9805486103989978,0.16173997697303055,-0.9958932064677039,0.09053574604251853,0.0,80.29053705124005,72.20451470375822,10.993968144532166,19.557630906738048,92.1264474129181,18
24.71841418861655,21.563858652847824,26.570660511172846,24.186773244895647,23.600847442411894,23.790754506740637,24.351591323771842,23.430749027719962,25.079872407968907,24.372115213907882,24.372115213907882,25.298221281347036,25.0,25.019992006393608,25.019992006393608,25.0,24.041630560342615,42.05948168962618,42.391036788453285,41.12177038990418,41.12177038990418,39.81205847478876,41.48493702538308,40.80441152620633,40.80441152620633,40.8166632639171,38.63935817272331,38.84584919911006,39.05124837953327,41.012193308819754,39.824615503479755,39.25557285278104,39.67366884975475,40.84115571332428,0.11946953821789978,-0.9856236902976732,-0.11946953821789978,-0.05349046951599404,-0.9360832165298957,-0.3476880518539613,0.0,-0.813733471206735,-0.5812381937190965,-0.4784790959856688,0.8088575194043448,0.34177078284690626,-0.3427473240673657,-0.9347654292746337,0.09347654292746337,-0.0563436169819011,-0.9578414886923188,-0.2817180849095055,0.7001400420140048,-0.7001400420140048,0.14002800840280097,-0.18991716670010125,0.9780734085055215,-0.08546272501504557,-0.10783277320343841,-0.9704949588309457,-0.21566554640687682,0.0,-0.3208070336803883,0.9471445756278132,-0.04130961923860138,-0.9914308617264331,-0.12392885771580414,-0.048970210687439175,-0.9794042137487835,-0.1958808427497567,-0.2159989773133856,-0.8331389124944873,0.5091404465244089,0.08478078067985947,-0.8690030019685596,0.48748948890919197,-0.05049152917868288,-0.2777034104827558,-0.9593390543949747,-0.7437254606208829,-0.6610892983296737,0.09916339474945104,0.1218728261478274,-0.9227513979764075,0.3656184784434822,0.06551217820804184,-0.9171704949125857,0.39307306924825103,-0.07474350927519359,-0.22423052782558078,-0.9716656205775167,0.04372694694466261,0.9182658858379147,0.3935425225019634,-0.19792619782823304,-0.9744058970005318,-0.10657564498443317,-0.04064085637869828,-0.6502537020591724,0.7586293190690345,-0.09031025192888191,-0.8579473933243782,0.5057374108017387,0.09691851899244874,-0.9207259304282631,0.3779822240705501,-0.8690833490899582,0.22122121613198936,0.4424424322639787,-0.2734029764081427,0.7369993277089064,0.6181284684010183,-0.15013027155128494,-0.6434154495055069,0.7506513577564247,-0.38045392527580946,-0.6169523112580694,0.6889300809048442,0.5121475197315839,0.7682212795973759,0.3841106397986879,0.43408730706858273,-0.78347465178232,0.4446748023629384,0.21037169283506632,-0.8648614038774949,0.455805334475977,0.09928279029863385,-0.9729713449266117,0.2084938596271311,-0.12937405012213024,-0.9752813009206741,0.1791333001691034,-0.9916004111862218,0.0,-0.12933918406776806,81.64642061163462,70.51883440910714,7.585122265070498,15.615504018226508,92.26869173999286,18
40.84115571332428,39.433488306260706,41.701318923986086,41.88078318274385,40.80441152620633,41.96427051671457,42.2729227756965,43.58898943540674,42.871902220452036,41.86884283091664,42.17819341792628,42.871902220452036,45.0111097397076,49.03060268852505,50.774009099144415,53.4696175411794,57.253820833198546,52.820450584977024,48.104053883222775,37.73592452822641,38.47076812334269,38.13135192987524,35.79106033634656,36.68787265568828,36.796738985948195,37.49666651850535,37.54996671103717,39.11521443121589,39.67366884975475,40.0374824383352,40.69397989875161,40.620192023179804,41.42463035441596,42.731721238442994,0.12257028260717912,-0.9805622608574329,-0.15321285325897388,-0.08009260499071151,-0.9344137248916343,-0.3470679549597499,-0.1111111111111111,-0.8888888888888888,-0.4444444444444444,-0.46192968102376075,0.7999270086021223,0.38306363792214304,-0.3427473240673657,-0.9347654292746337,0.09347654292746337,-0.0563436169819011,-0.9578414886923188,-0.2817180849095055,0.6201736729460423,-0.7442084075352507,-0.24806946917841693,-0.1829886183098373,0.982359950926495,-0.03852391964417627,-0.14547859349066158,-0.9456108576893003,-0.29095718698132317,0.0154193251232439,-0.33922515271136583,0.9405788325178779,-0.03984095364447979,-0.9960238411119947,-0.07968190728895957,-0.048970210687439175,-0.9794042137487835,-0.1958808427497567,-0.21429687122291943,-0.8265736461455464,0.5204352586842329,0.08389967402418103,-0.8599716587478555,0.5033980441450862,-0.05049152917868288,-0.2777034104827558,-0.9593390543949747,-0.7391963372747966,-0.6570634109109303,0.14783926745495934,0.12263727728644856,-0.9285393851688248,0.35039222081842447,0.06684847767323797,-0.9135958615342522,0.4010908660394278,-0.10127393670836667,-0.25318484177091666,-0.9621023987294833,0.08618608271771433,0.9265003892154291,0.3662908515502859,-0.19792619782823304,-0.9744058970005318,-0.10657564498443317,-0.04191808825087752,-0.6706894120140403,0.7405528924321695,-0.08948209988962362,-0.8500799489514244,0.518996179359817,0.09815249038111776,-0.922633409582507,0.3729794634482475,-0.8385278237118454,0.23731919539014493,0.4904596704729662,-0.24932952098909325,0.7361157286344657,0.6292602196391401,-0.1270001270001905,-0.6350006350009525,0.7620007620011431,-0.35971773965640513,-0.6063813325636543,0.7091578296083416,0.524872353392131,0.7709062690446925,0.3608497429570901,0.43249041395363813,-0.7911410011347039,0.43249041395363813,0.21148680892167745,-0.8694457700113406,0.4464721521679857,0.1002509414234171,-0.9724341318071459,0.2105269769891759,-0.13193380925179626,-0.9742804375517262,0.18267758204094867,-0.9906801321840805,0.0430730492253948,-0.1292191476761844,81.64344774522301,67.96582053308998,7.133700764256462,14.406003692694496,89.61120842115011,18
60.868711174132805,60.174745533321534,61.424750711744856,60.174745533321534,60.091596750294464,59.84981202978001,59.312730505347666,59.94997914928745,60.868711174132805,60.241181927316134,61.204574992397426,61.61980201201558,62.01612693485461,63.071388124885914,61.40032573203501,63.984373092185564,64.81512169239521,65.3299318842443,64.10148204214939,66.1362230551458,67.49814812274482,68.64400920692205,69.82836100038436,70.68238818828917,69.0,72.069410986909,76.47875521999558,77.92303895511263,77.23988606931007,78.01281945936834,77.83315488916018,80.00624975587844,80.03749121505496,77.31106001084191,0.09057700179587526,-0.9661546858226694,-0.24153867145566735,-0.08149887373862418,-0.9508201936172821,-0.2988292037082887,-0.20739033894608505,-0.8295613557843402,-0.5184758473652127,-0.44299749471781474,0.7973954904920665,0.40977268261397864,-0.3427473240673657,-0.9347654292746337,0.09347654292746337,-0.08667479949854814,-0.9534227944840297,-0.28891599832849385,0.5976143046671968,-0.7171371656006361,0.35856858280031806,-0.18133106338847374,0.9830052383690945,-0.02863122053502217,-0.11073202057883434,-0.9596775116832309,-0.2583747146839468,0.0154193251232439,-0.33922515271136583,0.9405788325178779,-0.0827605888602368,-0.9931270663228415,-0.0827605888602368,-0.07607746940114607,-0.9890071022148988,-0.12679578233524344,-0.20280342335067947,-0.8424142200720532,0.4992084267093649,0.06302187238523516,-0.8612989225982137,0.5041749790818812,-0.025269934785963448,-0.2779692826455979,-0.960257521866611,-0.7489604984609319,-0.649099098666141,0.13314853305972124,0.10567049305145204,-0.915810939779251,0.3874584745219908,0.08720414403938948,-0.9156435124135894,0.39241864817725264,-0.07612644106337939,-0.25375480354459795,-0.9642682534694722,0.10833784750435987,0.9317054885374949,0.3466811120139516,-0.21566554640687685,-0.9704949588309458,-0.10783277320343843,-0.027671226645624276,-0.6641094394949826,0.7471231194318554,-0.09031025192888191,-0.8579473933243782,0.5057374108017387,0.09742313910673,-0.915777507603262,0.38969255642692,-0.8006635465327027,0.26175539021261435,0.5389081563200884,-0.21989209052629574,0.729115879113507,0.6481030036564506,-0.11451501250623489,-0.6142168852607144,0.7807841761788742,-0.3361576587970522,-0.590822551825122,0.7334348919208411,0.5465194312691908,0.7618149647994781,0.34778509262584867,0.43081584994773797,-0.7985854779519046,0.4203081462904761,0.22154515785286066,-0.8745203599455026,0.43143004423978126,0.09928279029863385,-0.9729713449266117,0.2084938596271311,-0.12074487859195555,-0.9760211019516407,0.18111731788793334,-0.9898267954648645,0.04499212706658475,-0.13497638119975425,81.8063652994605,67.96601269743266,8.055348387772487,14.10768464659127,97.90484718462301,18
78.61933604400383,71.7007670809734,58.497863208838666,57.227615711297986,59.481089431852205,57.29746940310715,57.645468165329355,56.28498911788115,58.01723881744115,58.360945845659494,58.463663928973865,59.61543424315552,59.61543424315552,58.787753826796276,59.88321968631947,60.315835400000886,59.50630218724736,46.61544808322666,46.61544808322666,45.28796749689701,46.195237849804386,46.411205543489174,46.61544808322666,45.9782557302906,45.2658811910251,45.232731511594565,44.609416046390926,45.19955751995809,45.617978911828175,46.07602413403309,46.10856753359401,46.10856753359401,46.14108798023731,47.18050444834179,0.08858078930362388,-0.9743886823398628,-0.2066885083751224,-0.11001306482721841,-0.962614317238161,-0.24752939586124142,-0.0936585811581694,-0.7492686492653552,-0.6556100681071858,-0.4340304853629801,0.8012870499008864,0.41177251175462215,-0.3401158277567085,-0.9275886211546596,0.15459810352577658,-0.08667479949854814,-0.9534227944840297,-0.28891599832849385,0.4815434123430768,-0.8427009716003844,-0.2407717061715384,-0.16265894627208083,0.9855218509426074,-0.047840866550612,-0.17644616831014637,-0.9528093088747904,-0.24702463563420493,0.045129368240652425,-0.31590557768456695,0.9477167330537009,-0.07918075824648958,-0.9897594780811197,-0.11877113736973437,-0.07194017065667524,-0.983182332307895,-0.1678603981989089,-0.2116842987590401,-0.801376273873509,0.5594513610060345,0.08478078067985947,-0.8690030019685596,0.48748948890919197,-0.07944407119985641,-0.29129492773280685,-0.953328854398277,-0.7177298222068437,-0.6539316157884576,0.2392432740689479,0.12835936439953177,-0.9351896549108744,0.3300669370273674,0.06474485051627253,-0.928009524066573,0.3668874862588777,-0.13018891098082386,-0.23434003976548295,-0.9633979412580966,0.10833784750435987,0.9317054885374949,0.3466811120139516,-0.2162823223461113,-0.9732704505575009,-0.07724368655218261,-0.027106343491104655,-0.6505522437865118,0.7589776177509304,-0.08931419912111299,-0.8395534717384621,0.535885194726678,0.09920459177095627,-0.9325231626469889,0.3472160711983469,-0.7739672181449029,0.25302774439352593,0.5804754136086772,-0.205704210652739,0.7199647372845865,0.6628246787699368,-0.11358933864827812,-0.6092519072953099,0.784799067024467,-0.33167923093488827,-0.5930022613684366,0.7337146623711165,0.56408716503305,0.7631767526917735,0.3152251804596456,0.4364172367494945,-0.8089685364136971,0.39383994535929995,0.22248487608769135,-0.8899395043507654,0.3981308308937635,0.09031211613294661,-0.9733639183217578,0.2107282709768754,-0.13064172051671613,-0.9747882223170357,0.18088853610006847,-0.9908301680442989,0.0,-0.13511320473331348,83.74713817068157,68.38231574444227,9.96051411276282,13.701413694397155,87.37402300047738,18
47.67598976424087,47.60252094164762,47.18050444834179,47.18050444834179,46.04345773288535,46.52956049652737,46.34652090502587,47.54997371187496,46.66904755831214,46.79743582719036,47.275786614291256,47.275786614291256,47.77028364998475,49.56813492557492,50.76416058598822,50.76416058598822,51.31276644267,50.60632371551998,51.176166327695945,51.81698563212646,49.44694126030446,48.30113870293329,46.57252408878007,45.02221673796171,45.65084884205331,45.617978911828175,44.15880433163923,44.64302857109943,44.93328387732194,45.232731511594565,45.70557952810576,45.5411901469428,45.69463863518345,44.98888751680797,0.08858078930362388,-0.9743886823398628,-0.2066885083751224,-0.11001306482721841,-0.962614317238161,-0.24752939586124142,-0.11624763874381928,-0.9299811099505543,-0.34874291623145787,-0.43059662864436976,0.793204315923839,0.43059662864436976,-0.37928372474460836,-0.9166023347994702,0.1264279082482028,-0.08498890495051102,-0.963207589439125,-0.25496671485153305,0.5345224838248488,-0.8017837257372732,-0.2672612419124244,-0.172022508812721,0.9843510226505701,-0.03822722418060466,-0.14313125339290264,-0.9661359604020928,-0.21469688008935395,0.062469504755442426,-0.34358227615493336,0.9370425713316364,-0.11877113736973437,-0.9897594780811197,-0.07918075824648958,-0.07163189826010921,-0.9789692762214925,-0.19101839536029122,-0.2074130978310859,-0.8000219487770457,0.5629784083986618,0.08478078067985947,-0.8690030019685596,0.48748948890919197,-0.07944407119985641,-0.29129492773280685,-0.953328854398277,-0.7149164302711052,-0.6513683031358959,0.2541925085408374,0.1269166017514316,-0.9428090415820634,0.30822603282490535,0.08618608271771433,-0.9265003892154291,0.3662908515502859,-0.15564739112298562,-0.2334710866844784,-0.9598255785917446,0.11130365433704759,0.9572114272986093,0.2671287704089142,-0.2309332653100969,-0.969919714302407,-0.07697775510336563,0.0,-0.6719899065131262,0.7405603051369146,-0.08822995163526537,-0.8381845405350209,0.5382027049751187,0.10837569919625178,-0.9359719476039927,0.3349794338793237,-0.8,0.23076923076923078,0.5538461538461539,-0.20403591348143726,0.7441309785793594,0.636111965559775,-0.11656702785107187,-0.6358201519149375,0.762984182297925,-0.3303184559867596,-0.6193471049751742,0.7122491707214503,0.5736163560068633,0.7702848209235021,0.278613658631905,0.4420629704512947,-0.808651775215783,0.3881528521035758,0.23712266386235079,-0.8892099894838155,0.3912523953728788,0.09031211613294661,-0.9733639183217578,0.2107282709768754,-0.12074487859195555,-0.9760211019516407,0.18111731788793334,-0.9899494936611665,0.0,-0.1414213562373095,84.70218536074341,68.3033062660405,6.343664596198363,13.250081777337432,86.14347796078769,18
40.3732584763727,39.408120990476064,40.3732584763727,40.3732584763727,40.22437072223753,40.45985664828782,40.33608806019741,40.22437072223753,39.61060464067672,39.496835316262995,39.408120990476064,40.3732584763727,40.311288741492746,39.293765408777,39.344631145812,40.26164427839479,39.61060464067672,39.61060464067672,39.57271787481876,37.76241517699841,37.76241517699841,37.027017163147235,37.17526059088221,36.41428291206625,35.482389998420345,33.793490497431605,29.631064780058107,28.30194339616981,28.74021572639983,27.60434748368452,26.77685567799177,22.737634001804146,19.026297590440446,18.81488772222678,0.08800719732732865,-0.968079170600615,-0.23468585953954305,-0.13872841640446576,-0.9710989148312602,-0.19421978296625206,0.0,-0.6139406135149205,-0.7893522173763263,-0.41177251175462215,0.8012870499008864,0.4340304853629801,-0.3755505263546435,-0.9075804386903883,0.18777526317732174,-0.08434823356733,-0.9559466470964066,-0.28116077855776667,0.5494422557947561,-0.8241633836921342,0.13736056394868904,-0.15202972471705736,0.9881932106608727,-0.01900371558963217,-0.20838861349415636,-0.9377487607237036,-0.27785148465887516,0.06156761287194802,-0.3386218707957141,0.9389060962972073,-0.0827605888602368,-0.9931270663228415,-0.0827605888602368,-0.09802861627917436,-0.9802861627917436,-0.17155007848855514,-0.20395079136182276,-0.7866673381098878,0.5827165467480651,0.1303116728289208,-0.8687444855261388,0.4778094670393763,-0.13503653232365878,-0.2970803711120493,-0.9452557262656115,-0.7127608984394449,-0.6335652430572843,0.3009434904522101,0.1269166017514316,-0.9428090415820634,0.30822603282490535,0.08864844143558726,-0.9308086350736661,0.354593765742349,-0.15564739112298562,-0.2334710866844784,-0.9598255785917446,0.11056644552171162,0.9287581423823775,0.3538126256694772,-0.23117997431128268,-0.9709558921073872,-0.06164799314967538,-0.027697749441558416,-0.6785948613181811,0.733990360201298,-0.07086586712703119,-0.8326739387426164,0.5492104702344917,0.10974786951748683,-0.9378454304221602,0.3292436085524605,-0.7431605356175384,0.2286647801900118,0.6288281455225324,-0.20422922845394062,0.7034562313413509,0.6807640948464687,-0.10090206053192709,-0.5953221571383698,0.7971262782022239,-0.3155965876056888,-0.5818812083979887,0.7495418955635109,0.5724197752462528,0.7744502841566949,0.26937401188058957,0.4525294593055291,-0.8080883201884449,0.3771078827546076,0.23821342883872734,-0.8933003581452276,0.38114148614196375,0.1002509414234171,-0.9724341318071459,0.2105269769891759,-0.12074487859195555,-0.9760211019516407,0.18111731788793334,-0.9908301680442989,0.0,-0.13511320473331348,84.6149026310962,67.31890191449814,11.311105116610829,13.323101884721508,85.88129516162836,18
24.166091947189145,34.10278580995987,35.93048844644336,32.77193921634788,37.26929030716845,34.55430508634199,33.77869150810907,33.481338085566414,35.62302626111375,35.482389998420345,36.124783736376884,37.960505792204614,37.73592452822641,38.91015291668744,38.91015291668744,39.67366884975475,39.91240408695021,61.68468205316454,63.071388124885914,62.080592780675026,62.44197306299666,61.39218191268331,63.15853069855251,63.13477647065839,62.69768735766894,62.93647591023825,61.1310068623117,60.44832503882965,59.06775770248944,60.29925372672534,58.93216439263028,60.08327554319921,59.58187643906493,60.50619802962338,0.027256963340035873,-0.8994797902211837,-0.43611141344057397,-0.17895849739771977,-0.8947924869885989,-0.40904799405193093,-0.11624763874381928,-0.9299811099505543,-0.34874291623145787,-0.33248631937771933,0.715349353812669,0.6145959236982085,-0.37050451265666307,-0.8953859055869358,0.24700300843777537,-0.10968169942141634,-0.9048740202266848,-0.4113063728303113,0.6201736729460423,-0.7442084075352507,0.24806946917841693,-0.12317434182736128,0.9759197852475547,0.18002403805537417,-0.2130662472685305,-0.9232870714969655,-0.3195993709027957,0.09432749714556155,-0.36158873905798594,0.9275537219313552,-0.12309149097933272,-0.9847319278346618,-0.12309149097933272,-0.09531918345647832,-0.9770216304289027,-0.19063836691295663,-0.20049160254417167,-0.7733247526703765,0.601474807632515,0.12895028313125367,-0.8596685542083577,0.4943094186698057,-0.16139765813697052,-0.29589570658444597,-0.941486339132328,-0.7030483895687523,-0.6266300863547574,0.3362405341415772,0.1276106574454202,-0.9479648838802642,0.291681502732389,0.0899842541331695,-0.9448346683982798,0.3149448894660933,-0.18536949946633163,-0.23833221359956924,-0.953328854398277,0.16776244879600863,0.9017231622785464,0.3984358158905205,-0.2483980975107319,-0.9625426278540862,-0.10867416766094522,0.0,-0.6999285823596569,0.7142128391425071,-0.06982972487551756,-0.8204992672873314,0.5673665146135802,0.11079503700626962,-0.9467939525990313,0.3021682827443717,-0.6280011818644474,0.22241708524365844,0.7457514034640312,-0.12529946683450024,0.647380578644918,0.7517968010070015,-0.04570070809225682,-0.5392683554886304,0.8408930288975254,-0.25739034314499076,-0.5423582230555163,0.7997485662005069,0.6045512662318541,0.7556890827898176,0.25189636092993917,0.4570848429693511,-0.8078708852481554,0.3720458024169137,0.23775851718273702,-0.9034823652944007,0.35663777577410555,0.09981053979093212,-0.9681622359720415,0.22956424151914387,-0.13064172051671613,-0.9747882223170357,0.18088853610006847,-0.9771763639228009,0.0,-0.2124296443310437,85.35354550979378,63.82225185570291,7.247313315695709,11.983098140594247,94.2007933813947,18
60.876925020897694,60.08327554319921,62.69768735766894,62.94441992742486,63.13477647065839,65.42935121182236,67.00746227100382,68.92024376045111,72.17340230306452,80.0874522007037,83.34266614405853,82.24354077980836,80.99382692526635,87.28115489611719,86.27861844049197,89.45948803788227,79.1580697086532,73.74279625834649,64.97691897897283,86.74099376880577,95.4567965102538,75.24626236564843,84.581321815162,84.13085046521282,88.32893070789434,79.25276020429824,76.12489737267302,77.02596964660685,71.00704190430693,70.49113419430843,68.38128398911503,68.48357467305573,68.27884006044626,68.84039511798287,-0.024768870230903496,-0.743066106927105,-0.6687594962343945,-0.20747332274625,-0.54697512360375,-0.8110320798262499,-0.19900743804199783,-0.8955334711889903,-0.39801487608399566,-0.20084370896418244,0.49809239823117246,0.8435435776495662,-0.41068561534426623,-0.8845536330491889,0.22113840826229722,-0.1031078524452934,-0.8506397826736706,-0.5155392622264671,0.2407717061715384,-0.8427009716003844,-0.4815434123430768,-0.04382088969964746,0.8325969042933018,0.552143210215558,-0.2760262237369417,-0.8970852271450606,-0.3450327796711771,0.13100678694146012,-0.37664451245669783,0.9170475085902209,-0.15689290811054724,-0.9805806756909201,-0.11766968108291041,-0.11827902287547987,-0.9698879875789349,-0.21290224117586376,-0.16977355049228784,-0.7639809772152952,0.6225030184717221,0.17261274080084124,-0.8630637040042062,0.47468503720231336,-0.1922322627333814,-0.30207927000959933,-0.9336995618478525,-0.6715669938073879,-0.6118721499133979,0.41786390725793027,0.14824986333222023,-0.9636241116594315,0.22237479499833035,0.06663376922243965,-0.9550840255216348,0.2887463332972384,-0.1901640387234564,-0.24449662121587254,-0.9508201936172821,0.2102800206268535,0.6146646756784948,0.7602431514970858,-0.262973953674274,-0.9436124220076891,-0.20109772928032718,0.0,-0.7290730328782653,0.6844359084163307,-0.034804985823279566,-0.8179171668470698,0.5742822660841129,0.11128155316729248,-0.9610679591720713,0.25291262083475563,-0.38284962657703114,0.09571240664425779,0.9188391037848748,-0.023864453020178096,0.43751497203659845,0.898894397093375,0.03396178054056622,-0.4550878592435874,0.889798650162835,-0.13751308047957847,-0.46754447363056684,0.8732080610453233,0.6096784782686442,0.741500851948351,0.28012254406937703,0.4696938014616499,-0.8036982825010454,0.3653174011368388,0.23179157400790285,-0.9039871386308211,0.35927693971224944,0.12003601620810425,-0.9702911310155093,0.21006302836418245,-0.12959886432015882,-0.9769760541058127,0.16947543795713077,-0.986671297454823,-0.03946685189819292,-0.15786740759277168,84.47661114400098,59.38645700199625,9.565625453609332,10.026428694217174,86.88454712031302,18
59.87486951969081,58.9406481131655,58.9406481131655,58.83026432033091,59.08468498688979,59.08468498688979,61.1310068623117,60.6217782649107,60.71243694664216,61.56297588648554,61.56297588648554,59.80802621722272,58.489315263559035,58.728187440104094,60.01666435249463,57.810033731178535,57.436921923097515,57.07889277132134,56.78027826631356,54.53439281774392,55.154328932550705,55.154328932550705,54.85435260760991,53.96295025292817,54.2125446737192,51.97114584074513,52.46903848937962,52.507142371300304,51.487862647424,50.368641037852115,53.48831648126533,55.937465083787984,56.69215113223346,62.23343153000644,-0.048634440514978616,-0.22696072240323353,-0.9726888102995723,-0.29734723951537895,-0.01564985471133573,-0.9546411373914797,-0.2932942300427066,0.5132649025747366,-0.8065591326174432,-0.08625884982529915,0.09242019624139194,0.9919767729909401,-0.41337595048678066,-0.8903482010484507,0.19078890022466802,-0.19743299688233557,-0.6361729899541924,-0.7458579882221565,-0.12309149097933272,-0.8616404368553291,-0.4923659639173309,0.03882273093446497,0.3804627631577567,0.9239809962402662,-0.30373528817827217,-0.8774574991816751,-0.37123201888455487,0.174687479784702,-0.4192499514832848,0.8909061469019802,-0.20327890704543541,-0.97573875381809,-0.08131156281817417,-0.13764944032233706,-0.9635460822563594,-0.22941573387056174,-0.13043478260869565,-0.782608695652174,0.6086956521739131,0.12618303506026085,-0.8412202337350723,0.5257626460844202,-0.19728096107143955,-0.31001293882654785,-0.9300388164796436,-0.6529286250990104,-0.6094000500924097,0.4497952750682072,0.16601323649658822,-0.9776335038132418,0.12912140616401308,0.06711560552140243,-0.9396184772996341,0.33557802760701216,-0.22179478920057108,-0.24951913785064245,-0.9426278541024271,0.30334139642174246,-0.0791325381969763,0.9495904583637156,-0.3273389127208538,-0.8481053647767576,-0.416613161644723,0.015615471979112765,-0.7807735989556382,0.6246188791645106,-0.02598011261883627,-0.8140435287235365,0.58022251515401,0.12213779997927368,-0.9669242498359166,0.22391929996200174,-0.20586974455672813,-0.3152380463524899,0.9264138505052766,0.058657332290465415,-0.04692586583237233,0.997174648937912,0.07426909698545145,-0.5592026125963403,0.8256976076617837,-0.03102238376101762,-0.5716982150244676,0.8198772851126086,0.654256405260441,0.6386788718018591,0.40501586992313016,0.47443304695196326,-0.7649022593715326,0.435703818629354,0.2679357579928641,-0.8573944255771653,0.4394146431082972,0.12121212121212122,-0.9696969696969697,0.21212121212121213,-0.12095938378608487,-0.9777550189375193,0.17135912703028688,-0.9855618748238182,-0.04106507811765909,-0.16426031247063635,81.93845794917738,49.5860206901895,5.419267232109654,8.269177399076595,90.48807398315415,18
59.88321968631947,59.9749947894954,74.3370701601832,77.13624310270757,70.92249290598858,73.57988855658861,72.86288492778748,74.444610281739,72.55342858886821,72.2564875980005,70.88723439378913,70.0,69.35416353759881,67.39436178197698,67.86015030929418,67.2532527094415,66.37770710110436,48.03123983409131,47.02127178203499,48.38388161361178,47.05316142407437,48.46648326421054,49.18333050943175,48.35286961494633,48.590122453025366,48.590122453025366,47.54997371187496,47.01063709417264,46.54030511288038,46.968074263269514,46.10856753359401,46.14108798023731,45.79301256742124,45.79301256742124,-0.09049454661101425,0.03016484887033808,-0.9954400127211567,-0.3669557037976359,0.43685202833051895,-0.8212818132613756,-0.09534625892455924,0.9534625892455924,-0.28603877677367767,-0.04899500085108719,-0.15923375276603338,0.9860243921281298,-0.40061680838488767,-0.862866971905912,0.30816677568068285,-0.26476431606528184,-0.41605821095972856,-0.8699398956430688,-0.3244428422615251,-0.48666426339228763,-0.8111071056538127,0.08545638873154962,0.06215010089567245,0.9944016143307592,-0.3011721230063664,-0.7392406655610813,-0.6023442460127328,0.21480004188601226,-0.4296000837720245,0.87710017103455,-0.13497638119975425,-0.9898267954648645,-0.04499212706658475,-0.11662650223191522,-0.9796626187480878,-0.1632771031246813,-0.12487961087450539,-0.7354021529276429,0.6660245913306954,0.14999234752441917,-0.8570991287109667,0.49283199900880587,-0.2663234802774819,-0.2959149780860911,-0.9173364320668823,-0.5819318288978135,-0.5819318288978135,0.5680763091621512,0.15393156857680898,-0.9813137496771572,0.11544867643260674,0.08749572785196143,-0.9405790744085853,0.32810897944485534,-0.29012942659282975,-0.23210354127426377,-0.9284141650970551,0.3391042383775615,-0.5394840156006661,0.7706914508580943,-0.40137883897346976,-0.7432941462471663,-0.5351717852979597,0.0173265734380163,-0.8836552453388314,0.4678174828264402,-0.017090896096183115,-0.7947266684725148,0.6067268114145006,0.12363252643292406,-0.9684547903912385,0.2163569212576171,-0.21531065513864742,-0.5446093041742258,0.8105812899337315,0.077770449327708,-0.31706413956680957,0.9452100764444511,0.08405044540540768,-0.6884131718919105,0.7204323891892087,-0.008057117939310928,-0.6969407017503954,0.7170834965986727,0.7253984793115559,0.5093223365379009,0.4630203059435463,0.48007935851918326,-0.7506695424118138,0.45389321169086416,0.3038263748585321,-0.8260279566466342,0.47472871071645645,0.10967692888885114,-0.9671511002016873,0.22932448767668873,-0.11888182539424857,-0.9708682407196967,0.208043194439935,-0.9953073415382055,-0.04327423224079154,-0.08654846448158308,72.73570089903004,46.02989982448744,4.217868337027965,8.939809278557957,87.88271109320023,18
44.87761134463375,45.86937976471886,46.33573135281238,46.411205543489174,45.12205669071391,44.45222154178574,45.02221673796171,44.69899327725402,45.71651780264984,44.45222154178574,44.69899327725402,45.02221673796171,45.9782557302906,46.195237849804386,46.70117771534247,47.77028364998475,48.76474136094644,51.24451190127583,52.49761899362675,49.64876634922564,48.062459362791664,50.00999900019995,49.658836071740545,50.0,50.00999900019995,50.00999900019995,49.44694126030446,50.22947341949744,48.641546028061235,49.24428900898052,49.21381919745713,49.416596402423345,49.416596402423345,49.416596402423345,-0.08151933134075308,0.26086186029040986,-0.9619281098208864,-0.3374450893660677,0.694739889871316,-0.6351907564537745,-0.40406101782088427,0.9091372900969896,-0.10101525445522107,-0.04396520051149294,-0.3140371465106639,0.9483921824622049,-0.4816209743009517,-0.7705935588815227,0.41740484439415815,-0.3661738767257319,-0.20924221527184678,-0.9067162661780027,-0.4016096644512494,-0.24096579867074966,-0.8835412617927487,0.0741375052301695,-0.1318000092980791,0.9885000697355933,-0.32767324971207856,-0.6805521340173939,-0.6553464994241571,0.311754045141536,-0.448146439890958,0.8378389963178781,-0.13497638119975425,-0.9898267954648645,0.04499212706658475,-0.14330465315772953,-0.9792484632444851,-0.14330465315772953,-0.039226579870060986,-0.6799273844143904,0.7322294909078051,0.10684346079267205,-0.8761163784999109,0.470111227487757,-0.37123201888455487,-0.30373528817827217,-0.8774574991816751,-0.4619949690405421,-0.511940371098979,0.7242083298473363,0.13341201214153917,-0.9910606616228624,0.0,0.0899842541331695,-0.9448346683982798,0.3149448894660933,-0.4191368221424546,-0.2579303520876644,-0.8705149382958673,0.3567015656321241,-0.7473747089434981,0.5605310317076235,-0.5613363236699855,-0.5613363236699855,-0.6081143506424843,0.056714929901807834,-0.9452488316967972,0.32138460277691105,0.01647500116225989,-0.7660875540450849,0.6425250453281357,0.1149769950246619,-0.9825306847562016,0.14633435730411515,-0.2554152930160956,-0.6221654573468995,0.7400494387389437,0.10134501683512583,-0.47505476641465233,0.8741007702029603,0.08628048097808548,-0.7608369686249356,0.6431817672911826,0.0,-0.7653181463875008,0.6436521846541032,0.8642416214502248,0.31426968052735443,0.39283710065919303,0.48040432432456964,-0.7796725919365967,0.40164951705824675,0.3281833194677742,-0.8414956909430107,0.42916280238093546,0.08948692108890176,-0.9644701495137189,0.24857478080250486,-0.12748774686642292,-0.9610614763776498,0.24516874397389024,-0.9989685402102997,-0.045407660918649985,0.0,57.034409776304145,43.36251704455432,6.100806890386923,10.836536289003886,71.62129828405075,18
39.57271787481876,39.61060464067672,40.311288741492746,39.61060464067672,39.344631145812,39.67366884975475,39.67366884975475,39.67366884975475,39.67366884975475,39.761790704142086,39.344631145812,40.26164427839479,40.26164427839479,40.27406113120453,39.293765408777,40.311288741492746,40.13726448077895,39.496835316262995,39.408120990476064,38.40572873934304,38.54867053479276,38.54867053479276,37.76241517699841,36.810324638611924,36.069377593742864,34.46737587922817,31.016124838541646,29.49576240750525,29.03446228191595,29.03446228191595,27.820855486487112,24.186773244895647,21.470910553583888,23.68543856465402,-0.08335649113101068,0.3000833680716385,-0.9502639988935218,-0.3810684897571042,0.6016870890901646,-0.7019682706051921,-0.5184758473652127,0.8295613557843402,-0.20739033894608505,-0.018343906773795923,-0.2996171439720001,0.9538831522373881,-0.501740346368854,-0.44892557306686937,0.7394068262277848,-0.45200178559735765,0.22600089279867883,-0.8629124997767738,-0.28718326344709527,-0.21538744758532144,-0.9333456062030595,0.0914194068187169,-0.11635197231473059,0.98899176467521,-0.40065466492249974,-0.7154547587901781,-0.5723638070321425,0.36796046227401613,-0.5110561976028002,0.7768054203562562,-0.1781741612749496,-0.9799578870122228,0.0890870806374748,-0.16596253733866442,-0.972066290126463,-0.16596253733866442,-0.025666350116967267,-0.667325103041149,0.7443241533920507,0.1057623861617254,-0.8672515665261482,0.4865069763439368,-0.423999152002544,-0.317999364001908,-0.847998304005088,-0.431951624126995,-0.4919449052557443,0.7559153422222412,0.13331519644508602,-0.9903414593063533,-0.03809005612716743,0.06711560552140243,-0.9396184772996341,0.33557802760701216,-0.4746444525345673,-0.23732222626728364,-0.847579379526013,0.4122640423344577,-0.6527514003628913,0.6355737319322889,-0.9374030704378363,-0.13718093713724436,-0.3200888533202368,0.07505866250408015,-0.9382332813010019,0.33776398126836066,0.024318019154289876,-0.7538585937829861,0.6565865171658266,0.1047996965005184,-0.985117147104873,0.1362396054506739,-0.2408233417864861,-0.3890223213474006,0.8891938773654872,0.1267321266344921,-0.4562356558841716,0.8807882801097201,0.098096559155592,-0.7455338495824992,0.6592088775255782,0.011731825267912808,-0.7469262087237821,0.6648034318483925,0.9851136193578519,-0.15027156905458758,-0.08348420503032644,0.44374949005334063,-0.8805653943245979,0.16640605877000275,0.30612114798894385,-0.9329406414901146,0.18950356780267952,0.08988322765679697,-0.9587544283391677,0.2696496829703909,-0.12735920319267516,-0.9502955930530377,0.28410899173750614,-0.994874389621496,-0.045221563164613454,0.09044312632922691,38.14923822545834,42.06717897183311,6.178495190327365,11.496961257579862,81.72286002300787,18
29.58039891549808,35.34119409414458,35.014282800023196,31.016124838541646,36.41428291206625,31.496031496047245,33.54101966249684,31.016124838541646,34.07345007480164,35.90264614203248,35.63705936241092,37.3496987939662,38.28837943815329,38.118237105091836,38.118237105091836,38.118237105091836,37.97367509209505,41.38840417314975,41.737273509418415,41.09744517606904,41.49698784249286,41.78516483155236,42.391036788453285,41.78516483155236,41.701318923986086,41.701318923986086,41.701318923986086,43.116122274620196,40.162171256046406,43.46262762420146,42.59107887809371,44.609416046390926,46.52956049652737,45.73838650411709,-0.01616692848321183,0.24250392724817743,-0.9700157089927097,-0.39298247613289716,0.37511963630867456,-0.8395534717384621,-0.6363636363636364,0.5454545454545454,-0.5454545454545454,-0.02291069490322711,-0.20046858040323723,0.979432207112959,-0.43013239361934025,-0.19355957712870311,0.8817714069196475,-0.40772429038850083,0.4530269893205565,-0.7927972313109739,-0.26490647141300877,0.26490647141300877,-0.9271726499455306,0.08121012045862477,-0.007382738223511343,0.9966696601740312,-0.3955594970624174,-0.7120070947123514,-0.5801539290248788,0.3747162805875646,-0.4536039186059993,0.8085982896889553,-0.08654846448158308,-0.9953073415382055,-0.04327423224079154,-0.11662650223191522,-0.9796626187480878,-0.1632771031246813,-0.012946678858416036,-0.6602806217792178,0.7509073737881301,0.1057623861617254,-0.8672515665261482,0.4865069763439368,-0.45232785041549367,-0.3131500502876495,-0.8350668007670652,-0.41340632562292784,-0.5106784022400873,0.7538585937829861,0.13595437138135347,-0.9905247057784324,-0.019422053054479065,0.06663376922243965,-0.9550840255216348,0.2887463332972384,-0.44774378370688894,-0.24109280661140173,-0.8610457378978633,0.4382384968626676,-0.40801515225144913,0.8009186321972891,-0.9497032640877167,0.27491410276223377,0.14995314696121842,0.07457445022956628,-0.9321806278695784,0.3542286385904398,0.032615319384811076,-0.7501523458506548,0.6604602175424243,0.10494387004027837,-0.9864723783786167,0.12593264404833404,-0.18546316510940822,-0.15896842723663562,0.9697074061434773,0.12845305563563175,-0.33281018960140957,0.9342040409864127,0.11221612850878199,-0.6810358143981252,0.7236005527980081,0.02323400870666113,-0.6892755916309469,0.7241266046909386,0.8490457191678117,-0.4021795511847529,-0.3425973954536784,0.4013505593763629,-0.9155809635773278,0.02508440996102268,0.2668816132991164,-0.9633775309333957,0.02603723056576745,0.0896376994958906,-0.9561354612894997,0.27887284287610403,-0.13608276348795434,-0.9525793444156804,0.2721655269759087,-0.996240588195683,-0.086629616364842,0.0,40.26312731258143,43.42939507789334,7.259807061645536,13.010742409142468,82.36156206697491,18
46.411205543489174,46.151923036857305,46.151923036857305,44.9221548904324,45.221676218380054,47.686476070265456,61.82232606429493,75.82216034906945,64.87680633323437,58.872744118140105,58.215118311311535,66.17401302626281,70.44146506142529,55.235857918565905,50.24937810560445,42.906875905849866,42.532340636273474,40.890096600521744,49.05099387372289,53.646994324006634,63.29296959378664,59.75784467331465,54.433445601027316,54.04627646748664,51.0,50.941142507800116,48.79549159502341,44.94441010848846,44.429719783046124,41.641325627314025,43.474130238568314,41.78516483155236,43.46262762420146,41.23105625617661,0.09386465089278641,0.14079697633917962,-0.9855788343742573,-0.3622305193137169,0.03449814469654446,-0.9314499068067006,-0.6082287370157644,0.22808577638091165,-0.7602859212697055,-0.07109346795249936,-0.06562473964846095,0.9953085513349912,-0.3338471422445943,0.0,0.9426272251612073,-0.31568018505879386,0.6839737342940534,-0.6576670522058206,-0.42640143271122083,0.6396021490668313,-0.6396021490668313,-0.006347319545473699,0.13964103000042138,0.9901818490938971,-0.2755164795831216,-0.6199120790620236,-0.7347106122216576,0.3982515314667635,-0.4181641080401017,0.8164156395068652,-0.03946685189819292,-0.986671297454823,-0.15786740759277168,-0.06665021185544066,-0.977536440546463,-0.19995063556632198,-0.02563681217856337,-0.653738710553366,0.7562859592676194,0.10466758030233292,-0.8582741584791299,0.502404385451198,-0.470940311401442,-0.28980942240088736,-0.8332020894025512,-0.3950918386598358,-0.5432512781572743,0.7407971974871922,0.11912173678640625,-0.9926811398867188,-0.019853622797734376,0.06524823424355335,-0.9352246908242646,0.34799058263228455,-0.44774378370688894,-0.24109280661140173,-0.8610457378978633,0.4116893363122397,-0.07098092005383444,0.9085557766890807,-0.6411286480138038,0.5748049947709964,0.5084813415281891,0.16165740180199098,-0.9699444108119458,0.18186457702723985,0.02420457014672026,-0.7422734844994213,0.6696597740592606,0.0951063937422362,-0.9827660686697741,0.15851065623706034,-0.15599941486834404,0.050470398927993654,0.9864668881380578,0.08426035554357433,-0.1629033540509104,0.9830374813417005,0.09132306529269442,-0.5955852084306158,0.7980841792970251,0.0,-0.5987304126792412,0.8009506182861372,0.6547315871175255,-0.5344747649938985,-0.5344747649938985,0.33262313955288064,-0.9395144818949787,-0.08169691146912858,0.20477098075082645,-0.9756734965186438,-0.07829478675766895,0.08912638665334599,-0.9506814576356906,0.2970879555111533,-0.13619862793081508,-0.943661922092076,0.30158267613251916,-0.9981149841863163,-0.04339630366027462,0.04339630366027462,66.30811713628128,46.1677626499657,9.585957504386506,14.232128227568797,83.3916530960428,18
67.03730304837748,66.4304147209695,67.56478372643548,66.64833081180653,66.4304147209695,66.64833081180653,66.4304147209695,67.39436178197698,67.03730304837748,67.03730304837748,66.06814663663572,67.00746227100382,66.83561924602779,66.06814663663572,65.7875368135941,65.7875368135941,65.68104749469211,65.68104749469211,64.91532946846992,64.73020933072904,64.95382975621992,64.88451279003334,64.41273166075166,64.64518543557594,67.20863039818622,67.26812023536856,64.13267497929586,43.73785545725808,40.01249804748511,45.232731511594565,61.82232606429493,61.29437168288782,61.07372593840988,51.749396131742444,0.2111772954377262,-0.22877540339087005,-0.9502978294697679,-0.11613870081459264,-0.5419806038014323,-0.832327355837914,0.4767312946227962,-0.8581163303210331,0.19069251784911848,-0.1878813185086027,0.19375260971199654,0.9628917573565888,-0.2506000488670143,0.053700010471503065,0.9666001884870551,-0.17407765595569785,0.9748348733519079,-0.13926212476455826,0.0,0.7071067811865476,-0.7071067811865476,-0.1580291637471658,0.40722899888692726,0.8995506244069438,-0.17924428597928835,-0.4929217864430429,-0.8514103584016196,0.489372458630142,-0.5338608639601549,0.6895702826152,-0.15161960871578067,-0.9855274566525744,0.07580980435789034,-0.12237255246720063,-0.9789804197376051,-0.16316340328960083,0.0,-0.6809437453161918,0.7323357260947723,0.08069700435584032,-0.8069700435584033,0.5850532815798424,-0.4854938965326262,-0.2987654747893084,-0.8216050556705982,-0.3780884893110878,-0.5499468935434004,0.7447197516733547,0.11217402967060187,-0.9908705954236499,-0.07478268644706791,0.06494175892662285,-0.90918462497272,0.4112978065352781,-0.5032196082827126,-0.2516098041413563,-0.8267179278930278,0.018104181553118947,0.669854717465401,0.7422714436778769,-0.3073323378392474,0.5014369722640353,0.8087693101032827,0.28812440251688065,-0.9466944654126078,-0.14406220125844033,0.03156266750373668,-0.7338320194618777,0.6785973513303385,0.09317049755139725,-0.9834663630425265,0.15528416258566208,-0.24231528158164656,0.315875277776075,0.9173364231305191,-0.11870420156644439,0.20947800276431364,0.9705814128079865,-0.06635849458266692,-0.4645094620786684,0.8830784279077982,-0.17391854540577364,-0.4621264206496271,0.8695927270288683,0.41814792076703894,-0.46103488699955575,-0.7826871337434319,0.2471672591610577,-0.9426844302886851,-0.22417495598328488,0.12254536720369287,-0.9686919502768103,-0.2159132660255541,0.07955179498065099,-0.9446775653952305,0.31820717992260394,-0.13495895909255445,-0.935072787998413,0.32775747208191797,-0.9918365981341755,-0.09016696346674323,0.09016696346674323,82.92339832447824,48.19716717738736,9.170449348189452,16.569772845793906,85.8032948275173,18
34.79942528261063,65.76473218982953,98.59513172565875,123.22743201089601,120.70625501605126,95.26279441628824,85.00588214941364,82.87943049997388,78.60661549767933,75.16648189186454,73.06161783043132,69.10861017268398,67.83804242458652,67.2532527094415,67.512961718473,68.79680225126747,69.14477565225012,74.04728219185361,74.89325737341113,73.24616030891995,73.35529974037323,74.20916385460761,73.28028384224504,73.49149610669251,73.35529974037323,73.35529974037323,73.35529974037323,74.1215218408257,74.89325737341113,74.04728219185361,75.53806987208503,76.56369897020389,75.53806987208503,73.81734213584231,0.4115848760575352,-0.5810610014929909,-0.7021153768040307,0.18372608486985015,-0.7808358606968632,-0.597109775827013,0.211999576001272,-0.953998092005724,0.211999576001272,-0.3216390019874635,0.3286311542045822,0.888003331574084,-0.32752927636248946,0.03853285604264582,0.9440549730448226,0.03560094272544522,0.9968263963124662,0.07120188545089044,0.34874291623145787,0.813733471206735,-0.46499055497527714,-0.3336751733106205,0.6020660735822067,0.7253808115448273,-0.1776267739252011,-0.6809026333799375,-0.7105070957008044,0.617009396074873,-0.617009396074873,0.4884657718926078,-0.15786740759277168,-0.986671297454823,-0.03946685189819292,-0.13786581213887159,-0.9453655689522622,-0.2954267402975819,0.02499804710385204,-0.674947271804005,0.7374423895636352,0.0787957479021936,-0.7879574790219359,0.6106670462420003,-0.6596992457003137,-0.2638796982801255,-0.703679195413668,-0.3245299995074926,-0.5563371420128445,0.7649635702676612,0.03575421226192904,-0.9832408372030487,-0.1787710613096452,0.08565094491580462,-0.8779221853869974,0.47108019703692544,-0.6201736729460423,-0.24806946917841693,-0.7442084075352507,-0.19900743804199783,0.8557319835805907,0.4776178513007948,-0.2610353864589313,0.48944134961049623,0.8320502943378436,0.3558952855281192,-0.9292821344345336,-0.09885980153558867,0.04605584330281289,-0.721541545077402,0.6908376495421934,0.06189844605901729,-0.9903751369442766,0.12379689211803457,-0.31056253972484005,0.41731841275525383,0.8540469842433102,-0.2788556932665802,0.4182835398998703,0.8644526491263986,-0.1854630023723868,-0.49677589921175036,0.847830867988054,-0.3069040669525767,-0.4822778194969063,0.8204986279752562,0.34475596127652114,-0.4157351297746284,-0.8416101407632721,0.20952553988660721,-0.9370447756039934,-0.27936738651547627,0.08835920618791321,-0.9601700405753236,-0.2650776185637396,0.05895684873322095,-0.9334834382759984,0.3537410923993257,-0.14202227715231952,-0.9184107255849995,0.36925792059603074,-0.9855788343742574,-0.09386465089278642,0.14079697633917962,75.77999290962822,49.339625502471186,7.6772945799297405,23.032963957704098,84.24647003977509,18
71.56814934033156,72.27724399837061,73.78346698278686,72.91776189653656,72.20803279414278,70.00714249274856,67.20863039818622,64.03905058634146,57.7148161220323,52.896124621752776,53.291650377896914,53.637673327615545,49.48737212663449,48.590122453025366,50.57667446560717,49.49747468305833,50.25932749251625,53.150729063673246,52.96225070746144,52.09606511052442,52.583267300539625,53.5723809439155,54.38749856354859,54.7905101272109,57.91372894228103,61.61980201201558,63.914004725099176,66.2268827591938,65.97726881282674,65.92419889539804,68.01470429252781,67.29784543356496,67.92643079096678,67.88961628997471,0.4137378871958792,-0.8865811868483124,-0.2068689435979396,0.3332048068842394,-0.9163132189316584,-0.22213653792282628,0.0,-0.8944271909999159,0.4472135954999579,-0.3963565642059418,0.4315882588020255,0.8103289757099255,-0.5998125878448737,0.02499219116020307,0.7997501171264982,0.12326671027227314,0.8012336167697753,0.5855168737932974,0.13608276348795434,0.9525793444156804,-0.2721655269759087,-0.4366480030862638,0.7485394338621665,0.4990262892414443,-0.09438583563660174,-0.8494725207294157,-0.5191220960013095,0.6225030184717221,-0.7639809772152952,0.16977355049228784,-0.25242189714700275,-0.9676172723968438,0.0,-0.24312872614037503,-0.9164082754521828,-0.3179375649527981,0.037482434224971106,-0.6746838160494799,0.737154539757765,0.0787957479021936,-0.7879574790219359,0.6106670462420003,-0.8409413299642188,-0.26279416561381835,-0.47302949810487305,-0.3241690807320487,-0.5477339639955305,0.7712988472590124,-0.05291737815703186,-0.9525128068265735,-0.2998651428898472,0.10466758030233292,-0.8582741584791299,0.502404385451198,-0.7451942925321957,-0.27944785969957336,-0.6054703626824091,-0.27967545403052607,0.955557801270964,0.09322515134350869,-0.32747306133195647,0.44208863279814126,0.8350563063964891,0.40406101782088427,-0.9091372900969896,-0.10101525445522107,0.053711250588678566,-0.7212653650479693,0.6905732218544387,0.020991085928975618,-0.9970765816263419,0.07346880075141467,-0.37156812525798216,0.48018034648723845,0.7945841447824541,-0.3998954037042486,0.6481063439344719,0.6481063439344719,-0.27785148465887516,-0.6251658404824691,0.7293601472295473,-0.42289178403540495,-0.5824735893317842,0.6941808530392497,0.34125139040970215,-0.35073059569886056,-0.8720868866025722,0.19564682502048825,-0.9248759000968535,-0.3260780417008137,0.07236667007923545,-0.9467972668699971,-0.31358890367668696,0.029146826140111902,-0.9326984364835809,0.3594775223947134,-0.16908304512664335,-0.9111697431824669,0.3757401002814297,-0.9888513796308233,-0.04708816093480111,0.14126448280440332,52.56386194706478,46.22688636496168,5.266625747609329,28.47266639928294,72.899512612897,18
107.060730429042,106.29205050237765,106.29205050237765,105.9197809665409,106.1178590059185,105.9197809665409,104.95713410721541,104.80935072788114,105.61723344227494,104.35037134576953,105.60776486603625,106.5269918846862,107.24271537032247,108.34205093129813,106.5926826756884,109.2291169972549,110.72939989000211,111.75419455215092,110.72939989000211,111.96428001822724,113.34019587066187,112.88932633336067,114.564392373896,114.92606318846913,115.47294055318761,117.02136557056579,121.39604606411199,123.36531116971253,122.64175471673585,123.94353553130554,126.73200069437868,130.27662875589004,130.32651303552933,128.46011054019843,0.40061680838488767,-0.862866971905912,-0.30816677568068285,0.36421567954234174,-0.8685143127548149,0.33619908880831545,0.0,-0.9615239476408232,0.27472112789737807,-0.44327541377210994,0.4535841443249497,0.7731547914629825,-0.8700628401410972,0.09667364890456637,0.48336824452283184,0.27597366233044085,0.6071420571269698,0.7451288882921903,0.7442084075352507,0.6201736729460423,-0.24806946917841693,-0.44995121966757656,0.8784761907795543,0.16069686416699164,-0.23552060159365787,-0.7065618047809736,0.6673083711820307,0.5037175233040658,-0.8592828338716416,-0.08889132764189396,-0.03843312210120439,-0.9223949304289054,-0.3843312210120439,-0.22705908201085453,-0.8209059118853971,-0.5239824969481258,0.07760855948888264,-0.7114117953147575,0.6984770353999438,0.05846498265401063,-0.779533102053475,0.62362648164278,-0.9035398058696477,-0.21259760138109357,-0.3720458024169137,-0.303190819184117,-0.5937486875688958,0.7453440971609543,-0.1285482706532537,-0.8837693607411191,-0.4499189472863879,0.14354633705913583,-0.8202647831950619,0.5536787286566668,-0.6755205294731985,-0.29554023164452436,-0.6755205294731985,-0.30564976687205925,0.8934377800875578,-0.3291612874006792,-0.3285062487825323,0.4830974246801946,0.811603673462727,0.2188648465628182,-0.9351497989502233,0.27855525926176866,0.07006065900265337,-0.7395291783613411,0.6694685193586878,-0.010525149632511211,-0.999889215088565,-0.010525149632511211,-0.3991052334785132,0.50553329573945,0.7649516975004835,-0.5274733559957945,0.7146413210265602,0.4594122778027887,-0.30975607708665037,-0.784715395286181,0.5369105336168606,-0.4799163125487455,-0.7151694069353854,0.5081466838751423,0.2938300616388278,-0.34449041709379813,-0.8916222560074775,0.17937079460603939,-0.9088120260039328,-0.37667866867268274,0.05486784972659994,-0.926657017604799,-0.37188209259139965,0.01993531516829904,-0.9369598129100549,0.3488680154452332,-0.18484099504896334,-0.9144765018211871,0.35995351667429704,-0.9954954725939521,0.0,0.09480909262799544,40.0645799999272,50.085043954328086,4.39719036512663,36.020579614742076,63.60833776912364,18
128.9728653632228,122.82507887235408,103.29085148259743,101.00495037373169,105.87256490706173,101.1830025251277,102.0,101.2916580968048,103.2811696293182,102.30347012687302,102.96115772464877,104.42700800080408,104.70912090166739,104.12012293500234,105.08092119885512,105.47985589675405,104.31203190428226,107.09808588392231,105.09519494249011,106.40018796975878,105.0,106.94858577840101,107.34989520255714,108.72442227944924,108.74741376235114,108.77959367454909,108.77959367454909,108.40664186294121,106.2214667569602,105.35179163165665,104.66613587975817,106.02358228243375,103.56157588603989,103.17945531936094,0.5204352586842329,-0.8265736461455464,0.21429687122291943,0.2407717061715384,-0.9630868246861536,-0.1203858530857692,-0.23570226039551587,-0.9428090415820635,-0.23570226039551587,-0.5016834641463939,0.5317844719951775,0.6822895112390956,-0.7910442926672143,0.1757876205927143,-0.5859587353090476,0.26660084742176265,0.42211800841779085,0.8664527541207285,0.09245003270420485,0.3698001308168194,0.9245003270420484,-0.3727219368255875,0.9110980677958807,0.17600758127874966,-0.5646839155919902,-0.8253072612498318,0.0,0.36378979023432007,-0.8055345355188516,0.4677297303012687,-0.04045566970313674,-0.8495690637658717,-0.5259237061407777,-0.1893206114156883,-0.8140786290874596,-0.549029773105496,0.05087806894936343,-0.6868539308164062,0.7250124825284288,0.07904150521752439,-0.7706546758708627,0.6323320417401951,-0.5793241220216575,-0.3310423554409472,-0.7448452997421311,-0.4475013380885314,-0.5831078041759652,0.6780323304371688,0.050097506709135084,-0.9351534585705216,-0.35068254696394563,0.07805713922509647,-0.7610571074446905,0.6439713986070458,-0.4394802124588286,-0.304255531702266,-0.8451542547285166,-0.14673479641335554,0.978231976089037,0.14673479641335554,-0.4310416013535586,0.7184026689225977,0.5459860283811743,0.018814417367671945,-0.9407208683835973,0.338659512618095,0.06202855133496348,-0.7210819092689505,0.6900676336014687,0.07290875598948941,-0.9894759741430706,0.12498643883912472,-0.45364848854182155,0.6192661907078834,0.6408684996860654,-0.48793936845129887,0.6801579075381742,0.5470835343241836,-0.2654921316200958,-0.7327582832714643,0.626561430623426,-0.4637731670539617,-0.6719978543026792,0.5773502691896258,0.41586522975107076,-0.5544869730014277,-0.720833064901856,0.2340112661958549,-0.9545196384304608,-0.1847457364704118,0.08745048152052007,-0.980694685622975,-0.17490096304104014,0.08936772580798676,-0.9333962473278616,0.3475411559199485,-0.14427079071863125,-0.9233330605992399,0.35586795043929037,-0.9931270663228415,-0.0827605888602368,0.0827605888602368,52.29175374084986,52.859095804506424,5.523041384525518,26.607141860722184,15.198460966146408,18
101.88228501560023,102.64501936285072,100.80178569846865,101.49876846543509,100.22973610660661,99.28242543370907,98.84836872705588,98.2496819333274,97.06183596038146,95.67131231461184,95.42012366372201,95.28903399657277,94.63086177352503,96.59710140578754,96.93296652842108,95.27853903162034,95.01052573267869,96.01041610158765,101.43470806385751,123.47064428438041,124.29802894656054,120.71039723238425,123.06096050332128,122.67436570041843,124.30205147140573,122.266103233889,121.19405926034493,120.70625501605126,117.77096416349829,117.69027147559818,115.78428218026832,116.63189958154673,116.03878661895772,115.18680479985544,0.4364357804719847,-0.8728715609439694,0.21821789023599236,0.09838379358865636,-0.7624744003120868,-0.6394946583262663,-0.329292779969071,-0.7683498199278324,-0.5488212999484517,-0.5010364703677253,0.5501576929527963,0.6680486271569669,-0.2643392192172764,0.3776274560246805,-0.8874245216579992,-0.2711138549079501,0.903712849693167,0.3313613782208279,-0.3810003810005715,0.8890008890013334,0.254000254000381,-0.29964064670671575,0.8989219401201471,0.3196166898204968,-0.5052593483187067,-0.6995898669028245,-0.5052593483187067,0.20099503101759902,-0.7146489991736854,0.6699834367253301,-0.18549555830406733,-0.9274777915203366,-0.3246172270321178,-0.1663061499852127,-0.8107424811779119,-0.5612832562000929,0.0,-0.7670768701524096,0.6415552004911061,0.058621038176054914,-0.7620734962887139,0.6448314199366041,-0.26390805871852,-0.32255429398930224,-0.9090166466971245,-0.692553612992368,-0.6002131312600523,0.4001420875067015,0.2167570009072672,-0.9670696963554999,-0.13338892363524135,0.07619393177594593,-0.7238423518714864,0.6857453859835134,-0.2546603257384317,-0.3395471009845757,-0.9054589359588684,-0.020386946747183242,0.7747039763929632,0.6319953491626805,-0.3497315237840645,0.7602859212697055,-0.547405863314188,-0.0755254912049361,-0.9440686400617012,0.3209833376209784,0.024424979226903235,-0.7653160157763014,0.6431911196417852,0.16759549393386894,-0.9464216128030247,0.27603963706754886,-0.5126788118369774,0.8159536019377246,0.2671706484220868,-0.3973705887677323,0.6024650861962393,0.692193928821211,-0.19366429792470893,-0.648775398047775,0.735924332113894,-0.38165346406118716,-0.6124206748888817,0.6923016324830837,0.5061669329096646,-0.8351754393009467,0.21512094648660748,0.26686578733046895,-0.9418792494016552,0.2040738373703586,0.1484226354358178,-0.9647471303328156,0.2173331447453046,0.15074044675005707,-0.9446401329670242,0.29143153038344366,-0.07905308158469425,-0.9486369790163309,0.30633069114069017,-0.9925232596048371,-0.08630637040042062,0.08630637040042062,25.555269288604613,52.938981493691436,7.851389652783497,16.99318074295038,39.07972585739777,18
54.04627646748664,53.646994324006634,53.646994324006634,55.0,55.31726674375732,53.16013544000805,54.378304497290095,55.31726674375732,54.092513345194085,53.823786563191554,52.97169055259611,54.92722457943783,54.57105459856901,57.043842787806646,62.55397669213365,62.90468980926621,63.28506932918696,63.20601237224193,64.94613152451807,67.1863081289633,65.0,69.9714227381436,76.43297717608546,104.47966309287182,155.43809056984713,157.91136754521506,152.6925014530838,161.94443491518936,188.71671892018472,217.94953544341405,231.10387274989574,206.07765526616416,174.934273371458,150.3362896974646,0.10216188884775938,-0.664052277510436,-0.7406736941462556,0.019484627821346,-0.545569578997688,-0.8378389963178781,-0.762000762001143,-0.6350006350009525,0.1270001270001905,-0.4258938650939957,0.8044661896219918,0.41406347995249576,-0.15013027155128494,0.6434154495055069,-0.7506513577564247,0.019100532816794493,0.6876191814046017,-0.7258202470381907,-0.3418817293789138,0.9116846116771036,0.2279211529192759,-0.20323379834035418,0.8776004928333476,0.4341812964543931,0.3390663451222457,-0.6781326902444914,-0.6520506636966263,-0.37662178857735473,-0.4142839674350902,0.8285679348701804,-0.33871946827274163,-0.7527099294949814,-0.5645324471212361,-0.211999576001272,-0.741998516004452,-0.6359987280038161,-0.11966249049148761,-0.9914892069294688,0.051283924496351836,0.0771947644426465,-0.7333502622051417,0.6754541888731568,0.2504836529961195,-0.30614668699525716,-0.9184400609857715,-0.5303144222973238,-0.32280008313750147,-0.7839430590482179,0.1345223853785436,-0.7398731195819899,0.6591596883548637,0.0,-0.8258009818735298,0.5639616461575325,0.3141575128876469,-0.2570379650898929,-0.9139127647640637,0.09320186644198512,0.6151323185171018,0.782895678112675,-0.06085493162781118,0.669404247905923,-0.7404016681383694,-0.13436715393281906,-0.9213747698250451,0.36471084638908036,-0.029044198561045297,-0.9294143539534495,0.36789318177324043,0.08099091130493959,-0.77751274852742,0.6236300170480348,-0.24195428018807197,0.9342123596150557,-0.26211713687041127,-0.2663278888548321,0.60213261828049,0.7526657728506125,-0.09304842103984709,-0.6048147367590061,0.7909115788387002,-0.3215206485222378,-0.597109775827013,0.7349043394794006,0.09543871343427607,-0.6387052360601552,0.7635097074742085,0.1082694431379559,-0.8494987076978079,0.5163619595810205,0.004234172342434416,-0.863771157856621,0.5038665087496955,0.2086456554402436,-0.9199376626228923,0.3319362700185694,-0.029534083129359495,-0.9549353545159569,0.29534083129359495,-0.9805806756909201,0.0,-0.19611613513818404,61.14715117685268,51.647846034466916,4.919505242746903,5.226562566470538,89.23322469269915,18
138.87404365107253,138.4882666510055,148.78844041120936,140.94679847375036,127.41663941573722,98.84836872705588,90.69178573608527,89.58236433584459,83.33066662399864,76.57675887630658,73.84443106964804,65.30696746902278,63.48228099241551,59.57348403442592,59.04235767650204,58.31809324729333,60.340699366182356,65.62773803811922,67.1341939699882,67.1341939699882,65.62773803811922,67.56478372643548,67.96322535018479,67.56478372643548,67.92643079096678,68.30080526611674,68.79680225126747,72.11102550927978,68.0808343074613,73.84443106964804,74.67261881037788,81.78630692236935,83.79140767405688,84.12490713219242,0.19694638556693236,-0.6154574548966636,-0.7631672440718629,-0.0409272754535029,-0.5729818563490406,-0.8185455090700581,0.06711560552140243,-0.33557802760701216,-0.9396184772996341,-0.41920185117482583,0.8638098751481259,0.2794679007832172,-0.017035008846708267,0.3918052034742901,-0.9198904777222463,0.22856189240115818,0.2895117303748003,-0.9294850290980432,0.38014296063485276,-0.1520571842539411,-0.9123431055236466,-0.17944458136637376,0.9271303370595978,0.32898173250501855,0.41379310344827586,-0.8275862068965517,-0.3793103448275862,-0.4969293465978882,-0.5421047417431508,0.6776309271789385,-0.16537964611894462,-0.8268982305947231,-0.53748384988657,-0.05198752449100364,-0.7798128673650546,-0.6238502938920436,-0.0873704056661038,-0.9960226245935833,-0.01747408113322076,0.04044739571395048,-0.8089479142790097,0.586487237852282,0.3966808285032797,-0.24411127907894134,-0.8849033866611624,-0.3561820765307977,-0.3142783028212921,-0.8799792478996178,0.03889222341312986,-0.7000600214363375,0.7130240959073808,0.04161251892882395,-0.8530566380408909,0.5201564866102993,0.4191368221424546,-0.2579303520876644,-0.8705149382958673,0.01579954308382093,0.5213849217660906,0.8531753265263301,0.11361106672061537,0.3408332001618461,-0.9332337623479119,-0.19017456528224097,-0.9128379133547567,0.3613316740362579,-0.029701514518838956,-0.9603489694424596,0.2772141355091636,0.040225899335456484,-0.7642920873736732,0.6436143893673038,-0.14189751180282933,0.8159106928662687,-0.5604951716211759,-0.33055007087715516,0.5699139153054399,0.7522863682031806,-0.10595845771170154,-0.6092611318422839,0.7858585613617864,-0.3239957880821322,-0.6029921611528571,0.7289905231847975,-0.05654788185811608,-0.4084013689752828,0.9110492077140924,0.032091527190284,-0.738105125376532,0.673922070995964,-0.0658821249757405,-0.7494091715990483,0.6588212497574051,0.19550327071728096,-0.9216582762386102,0.33514846408676735,-0.029701514518838956,-0.9603489694424596,0.2772141355091636,-0.9457324874869207,0.07881104062391006,-0.31524416249564025,8.337286730035123,51.988233708321225,14.28302668056264,8.562360655752244,70.32946338226616,18
84.22588675698226,86.4060183089118,87.50428560933459,83.3186653757728,88.13625814612281,95.77055915050303,125.70998369262483,170.48167056900868,167.15860731652438,157.87653403846943,157.8131806916013,171.26879458909028,178.0196618354276,143.2131278898691,107.58252646224665,72.51896303726357,58.770741019660456,67.63135367564367,78.01281945936834,86.35971282953643,87.73254812211943,69.39740629158989,65.37583651472461,63.48228099241551,61.204574992397426,61.75759062657804,60.94259594077036,62.048368229954285,63.15853069855251,62.369864518050704,65.09992319503918,65.09992319503918,65.57438524302,63.88270501473775,0.13180448126378735,-0.9555824891624582,0.2636089625275747,-0.018784518919133613,-0.4320439351400731,-0.9016569081184135,-0.2279211529192759,-0.9116846116771036,-0.3418817293789138,-0.540728715025007,0.831890330807703,0.12478354962115544,0.1558320661207814,0.109082446284547,-0.981742016560923,0.4472135954999579,0.0,-0.8944271909999159,0.4879500364742666,-0.7807200583588266,-0.3903600291794133,-0.1795451898026245,0.9505333577786003,0.2534755620742934,0.11765520133375292,-0.5882760066687646,-0.8000553690695199,-0.23932498098297522,-0.4273660374695986,0.8718267164379812,-0.1694854394428143,-0.8897985570747752,-0.4237135986070358,-0.052450277757737605,-0.8654295830026705,-0.4982776386985072,-0.13449652782781732,-0.9582877607731983,0.25218098967715746,0.04140689130127157,-0.8281378260254314,0.5589930325671663,0.21465393985410194,-0.26831742481762744,-0.9391109868616959,-0.5581672588055872,-0.43855998906153276,-0.704353921826098,0.14099899186081227,-0.80369425360663,0.5780958666293303,0.01999600119960014,-0.7998400479840057,0.5998800359880042,0.1922322627333814,-0.30207927000959933,-0.9336995618478525,0.050202613839245014,0.5187603430055318,0.8534444352671652,0.2982446932448761,0.0579920236865037,-0.9527261034211322,-0.1679970134129754,-0.9333167411831967,0.3173276920022869,-0.056671905561813764,-0.9161958065826558,0.3967033389326963,0.09112719576942055,-0.8035761808757994,0.5881846272389871,-0.007848268519601923,0.5886201389701442,-0.8083716575189981,-0.345834250622541,0.691668501245082,0.6340294594746585,-0.09314055684121875,-0.7244265532094791,0.6830307501689374,-0.3258358474471412,-0.7127659162906215,0.6211245841961129,-0.15209790780991098,-0.17854971786380855,0.9721040194807354,-0.03590296870921602,-0.6507413078545403,0.7584502139821884,-0.14021265419549972,-0.6558333825273374,0.7417701705826437,0.18287839185412835,-0.9336423163079185,0.30800571259642673,-0.03969551235347051,-0.9626161745716599,0.267944708385926,-0.9771763639228009,0.0,-0.2124296443310437,43.21777412130356,48.744441924764125,5.376136410446306,14.398866726765426,63.4209037710219,18
76.69419795525604,77.6530746332687,77.6530746332687,75.77598564189053,76.75285010994706,79.68688725254614,75.53145040312677,75.53145040312677,76.57675887630658,74.67931440499437,78.64477096412705,75.29276193632427,81.24038404635961,80.2869852466762,88.82004278314665,91.2414379544733,93.25234581499814,94.48809448814173,96.0572745813663,96.84007434941384,94.36630754670864,99.10600385445879,109.40749517286281,147.22431864335456,228.89735690916137,249.84995497297973,254.98235233050934,254.85093682386182,258.42987443405224,251.8531318050264,195.90558950678258,150.973507609779,115.16944039110375,96.85040010242601,0.30600918041312064,-0.9520285612852643,0.0,-0.08760057597568056,-0.5475035998480036,-0.8322054717689653,-0.10540925533894598,-0.8432740427115678,-0.5270462766947299,-0.4635050154351808,0.874038029106341,-0.14567300485105683,0.09640373590996237,-0.36633419645785703,-0.9254758647356388,0.6298019584212192,-0.2519207833684877,-0.7347689514914225,0.5488212999484517,-0.7683498199278324,-0.329292779969071,-0.14865044914687303,0.9874636979042279,0.05308944612388322,0.23693955110363693,-0.77005354108682,-0.5923488777590923,-0.4370381765909563,-0.45690354825418156,0.7747494948657861,-0.04203313517091986,-0.9667621089311568,-0.25219881102551917,0.02793993781135563,-0.8940780099633802,-0.4470390049816901,-0.0872638888259323,-0.9948083326156282,0.05235833329555938,0.042943775093388724,-0.8803473894144689,0.47238152602727596,0.37621940211260124,-0.23151963206929307,-0.8971385742685106,-0.3901570617696878,-0.37833412050393966,-0.8394288298681161,0.09513469152126344,-0.774668202387431,0.6251708299968741,0.0201374031110059,-0.8256335275512419,0.5638472871081651,0.3810003810005715,-0.254000254000381,-0.8890008890013334,0.09185529126059283,0.6062449223199127,0.7899555048410984,0.3674047167570346,-0.32541560627051636,-0.8712740425952535,-0.25741209597352277,-0.9009423359073296,0.34934498739263803,-0.02964924863990849,-0.9685421222370107,0.24707707199923742,0.06500843132769217,-0.7963532837642291,0.6013279897811525,0.010116504833390225,0.4350097078357797,-0.90036893017173,-0.4129966274912411,0.7954009122053532,0.4435889702683701,-0.06927741396243048,-0.7966902605679504,0.6004042543410641,-0.33010006570993755,-0.7854105011719203,0.5236070007812803,-0.23024416184086557,0.07400705202027821,0.9703146820436477,-0.038844554666440635,-0.6215128746630502,0.7824403154240185,-0.16857923538517516,-0.6293624787713207,0.7586065592332883,0.21044202289358108,-0.9374235565259521,0.2774008483597205,-0.00993366591803583,-0.9734992599675113,0.22847431611482408,-0.9676172723968438,0.0,-0.25242189714700275,59.91698348698503,51.02117852236963,6.702972323532394,17.654429198769897,58.452501360114674,18
94.16474924301556,103.27148686835103,107.47092630102338,113.25193155085701,96.62815324738438,86.6083136886985,82.27393268830657,80.73413156775763,79.68688725254614,79.31582439841371,77.25930364687478,77.05193054038295,76.51143705355429,76.61592523751182,75.63068160475615,77.52418977325722,75.13321502504735,81.42481194328913,80.68457101577724,81.8535277187245,80.31189202104505,82.21921916437786,85.0235261559999,82.915619758885,83.34266614405853,82.85529554590944,82.54089895318563,85.246700815926,81.14185110040317,86.86771552193599,85.72047596694736,93.17188417113823,96.27564593395361,97.25224933131366,0.27569820671823103,-0.9304814476740297,0.24123593087845216,-0.022929508398902763,-0.5961672183714718,-0.8025327939615967,0.0,-0.7525766947068778,-0.658504607868518,-0.4929663473193316,0.817286312660997,-0.29837436811433227,0.022080920281275968,-0.5078611664693472,-0.8611558909697627,0.6109598099719176,-0.40730653998127836,-0.6788442333021306,0.7022468831767834,-0.7022468831767834,0.11704114719613057,-0.18311354944981667,0.9801960588196068,-0.07539969683227746,0.21758445525607323,-0.7770873402002615,-0.5905863785521988,-0.38540009640784617,-0.4432101108690231,0.809340202456477,0.0,-0.944496796706159,-0.3285206249412727,0.027256963340035873,-0.8994797902211837,-0.43611141344057397,-0.08673708721837098,-0.9888027942894292,0.12143192210571938,0.06663376922243965,-0.9550840255216348,0.2887463332972384,0.3552535478504022,-0.1776267739252011,-0.9177383319468724,-0.39224612395479275,-0.39224612395479275,-0.8320372326313785,0.1097952683033151,-0.8097401037369488,0.5764251585924043,0.0,-0.8,0.6,0.35777087639996635,-0.2683281572999748,-0.894427190999916,0.01850266226206321,0.6290905169101492,0.7771118150066548,0.32938897041012755,-0.48231956381482965,-0.8117085342249573,-0.23726736564082,-0.8760641192891816,0.4197807238260662,-0.0196078431372549,-0.9803921568627451,0.19607843137254902,0.06521329826588794,-0.8070145660403633,0.5869196843929915,-0.11026356928399426,0.3307907078519828,-0.9372403389139512,-0.4725728113579319,0.8033737793084842,0.3623058220410811,-0.09723614440928535,-0.8751252996835681,0.47402620399526607,-0.37114080034091784,-0.8234686507564115,0.42913155039418627,-0.17884967184189302,0.18779215543398767,0.9657882279462223,0.012455318840626154,-0.6352212608719338,0.7722297681188215,-0.13758332763918876,-0.6316325496162757,0.7629620896355013,0.20919202181046506,-0.9508728264112049,0.22820947833868918,-0.019717116933396346,-0.9759972882031192,0.21688828626735981,-0.9956877763740267,0.04148699068225112,-0.08297398136450224,64.4241811210835,50.532373727518035,7.874174758087019,25.661811005248822,48.42442150681306,18
97.29850975220535,98.16822296446034,99.49371839468057,96.87620966986684,101.39526616169022,108.78419002777932,145.4407095692262,225.64352417031606,248.22771803326074,254.7959968288356,255.71468475627285,258.24213443975407,252.20031720836514,201.24363343966934,159.6590116466966,125.32757078951144,106.268527796333,105.65509926170151,112.66765285564442,108.8577052853862,111.11255554616679,98.2089608946149,87.8521485223896,86.22064717919949,85.44588931013593,84.74078120952154,86.3365507765975,83.63611660042568,83.05419917138447,82.8190799272728,82.57723657279892,82.57723657279892,84.19619943916709,82.66196223173026,0.3533326266687867,-0.9186648293388453,0.17666631333439334,-0.02261656365159503,-0.6106472185930658,-0.7915797278058261,0.254000254000381,-0.8890008890013334,-0.3810003810005715,-0.489031734244698,0.8107631383530519,-0.32173140410835394,-0.023357091793352585,-0.6072843866271672,-0.7941411209739879,0.4871878399432706,-0.5567861027923092,-0.672783207540707,0.7071067811865476,-0.7071067811865476,0.0,-0.1915544093272962,0.9684139582657751,-0.15962867443941348,0.2979355690895435,-0.8938067072686304,-0.3351775152257364,-0.42556883058888195,-0.5066295602248595,0.749811749132792,0.04267895997763199,-0.9389371195079038,-0.34143167982105593,0.0815289637797966,-0.8968186015777626,-0.4348211401589152,-0.07106690545187015,-0.9949366763261821,0.07106690545187015,0.04381079543383235,-0.9638374995443117,0.2628647726029941,0.4181433837626492,-0.14933692277237473,-0.8960215366342483,-0.3169969315330738,-0.3736035264496941,-0.8717415617159529,0.08059683538261168,-0.7925355479290149,0.6044762653695877,-0.01999600119960014,-0.7998400479840057,0.5998800359880042,0.4191368221424546,-0.2579303520876644,-0.8705149382958673,-0.0196078431372549,0.6666666666666666,0.7450980392156863,0.24131439947583017,-0.6032859986895754,-0.7601403583488651,-0.22447181760574045,-0.846086081744714,0.4834777609969794,-0.019744962591969745,-0.9872481295984873,0.15795970073575796,0.040224597589607704,-0.7964470322742325,0.6033689638441155,-0.22325822887437902,0.22325822887437902,-0.9488474727161108,-0.539175380338792,0.8005937465636609,0.26141836622486886,-0.12386335005792827,-0.9042024554228764,0.4087490551911633,-0.39791264710924823,-0.8426385468195844,0.3628027076584322,-0.12277817567065848,0.2738897764960843,0.9538919802105005,0.06641183893896326,-0.6176301021323584,0.7836596994797664,-0.094140119453897,-0.6186350706970374,0.7800181326180037,0.20873015587790578,-0.9487734358086626,0.23719335895216564,-0.019674140434063122,-0.9738699514861245,0.22625261499172591,-0.9956877763740267,0.04148699068225112,-0.08297398136450224,74.15045348917414,53.3811053838557,4.96594792192873,26.04067704230405,17.600057208146385,18
68.60029154456998,69.05794668247819,69.05794668247819,68.36665854054884,69.05794668247819,69.05794668247819,68.65857557508748,68.65857557508748,68.27151675479314,68.7749954561976,66.19667665374146,65.06919393998976,65.58200972827838,64.76109943476871,62.88083968904996,63.2771680782255,62.48199740725323,60.96720429870473,60.382116557802114,60.27437266367855,61.0163912403872,59.39696961966999,59.54829972383762,60.687725282795036,64.19501538281614,64.79197481170026,63.63961030678928,59.89156868875618,67.1341939699882,74.83982896827064,93.26842981416596,98.62048468751307,105.49407566304374,98.69650449737316,0.3165444689164592,-0.8546700660744398,0.411507809591397,0.02393193862059127,-0.6700942813765556,-0.7418900972383294,0.0,-0.7592566023652966,-0.6507913734559685,-0.5319598936347306,0.767011939659379,-0.35876364919551595,-0.10596258856520352,-0.7417381199564246,-0.662266178532522,0.3487429162314578,-0.6742363047141517,-0.6509867769653879,0.5812381937190965,-0.813733471206735,0.0,-0.23326524020876394,0.9330609608350557,-0.2738331080711577,0.28829998806257884,-0.900937462695559,-0.32433748657040123,-0.3328201177351375,-0.4437601569801833,0.8320502943378437,0.07974522228289,-0.9569426673946799,-0.279108277990115,0.13334518676566623,-0.9067472700065304,-0.4000355602969987,-0.10341753799900383,-0.9824666109905364,0.15512630699850574,0.021921181601070722,-0.9645319904471118,0.2630541792128487,0.3368607684266076,-0.1684303842133038,-0.9263671131731709,-0.37853571184985635,-0.42900714009650387,-0.8201607090080221,0.11026356928399425,-0.8269767696299569,0.5513178464199713,-0.01999600119960014,-0.7998400479840057,0.5998800359880042,0.2934836354418746,-0.2934836354418746,-0.9097992698698113,-0.01963049807622355,0.6870674326678243,0.7263284288202715,0.13993733136016712,-0.7251298079572296,-0.6742435056444416,-0.16228549384254828,-0.7951989198284867,0.5842277778331738,-0.048411535403261555,-0.9779130151458834,0.20332844869369854,0.05725217222805692,-0.8178881746865274,0.5725217222805692,-0.3840122885898554,0.1440046082211958,-0.9120291854009067,-0.5343472707595898,0.8096170769084693,0.2428851230725408,-0.13804027713039488,-0.9160854755017114,0.37647348308289513,-0.4012235846154759,-0.8496499438915961,0.34222011628967064,-0.010139881214015328,0.38531548613258243,0.9227291904753948,0.1527444416624953,-0.6182513114910524,0.7709957531535476,-0.014872046652493757,-0.6246259594047378,0.7807824492559222,0.19348296427265685,-0.9577406731496514,0.21283126069992253,-0.02991932658071643,-0.9773646683034034,0.20943528606501502,-0.9981149841863163,0.04339630366027462,-0.04339630366027462,77.95538219060786,54.37231398941177,6.163214549372751,27.516643628314412,23.4745632144713,18
72.13875518748573,79.02531240052139,136.2130683891968,159.15715503865982,151.2183851256189,121.61003248087717,111.8257573191436,105.88200980336556,98.62048468751307,92.76852914647294,87.43569065318808,79.63667496825819,75.35250493513803,73.23250644351864,72.53964433328854,73.76313442364011,74.05403432629447,95.16827202382105,95.93747964169165,95.93747964169165,96.71090941563935,95.84883932526257,97.03607576566563,95.98958276813167,96.33794683301072,96.81941953967706,95.40440241414439,98.10708435174291,97.58073580374356,97.43715923609432,98.38699100999075,96.49870465451855,94.74175425861608,94.45104552094699,0.3165444689164592,-0.8546700660744398,0.411507809591397,0.02479931753217214,-0.69438089090082,-0.7191802084329921,-0.11547005383792514,-0.808290376865476,-0.5773502691896257,-0.5529017091814695,0.7665228240924918,-0.3267146463345047,-0.16526981663737192,-0.7988041137472977,-0.5784443582308018,0.2701471698269308,-0.7613238422395323,-0.5894120068951217,0.4815434123430768,-0.8427009716003844,0.2407717061715384,-0.2523065323572026,0.9284880390745055,-0.2724910549457788,0.2760262237369417,-0.8970852271450606,-0.3450327796711771,-0.2813954885410108,-0.42209323281151623,0.8617736836568456,0.041030496993110906,-0.9437014308415509,-0.32824397594488725,0.1065247282582615,-0.9320913722597881,-0.3462053668393499,-0.10280847770814942,-0.9766805382274195,0.1884822091316073,0.022645540682891915,-0.9737582493643524,0.22645540682891915,0.31001293882654785,-0.19728096107143955,-0.9300388164796436,-0.43349812136293525,-0.45977073477887076,-0.7750420957700964,0.1383958774142894,-0.8303752644857364,0.5397439219157286,-0.04044739571395048,-0.8089479142790097,0.586487237852282,0.2785310018776764,-0.2785310018776764,-0.9191523061963321,0.0,0.7172793808592269,0.696785684263249,0.06651901052377393,-0.7982281262852873,-0.5986710947139654,-0.12516818550815018,-0.7823011594259386,0.6101949043522321,-0.04887419746172034,-0.9774839492344067,0.2052716293392254,0.06600983619844496,-0.825122952480562,0.5610836076867821,-0.4962341127727917,0.10447033953111404,-0.8618803011316909,-0.5250842945892976,0.8040353260898621,0.2789510315005644,-0.13868607031990954,-0.9203711939412178,0.36562691266157965,-0.4053902974484724,-0.8455283346782424,0.3474773978129763,0.06467710607469646,0.4419602248437591,0.8946999673666343,0.21138308170856066,-0.6341492451256819,0.7437552874930838,0.023877299420036403,-0.6446870843409829,0.7640735814411649,0.1942480100455594,-0.961527649725519,0.1942480100455594,-0.03949377466732183,-0.9774709230162154,0.20734231700343964,-0.999133073092352,0.0,0.04163054471218133,78.65561217764301,57.2093223228189,4.872207121331322,28.59581607706602,38.12894342268851,18
94.79978902930111,95.16827202382105,93.94679345246436,92.74696760541555,92.81163720137685,94.0744386111339,95.8070978581441,103.2811696293182,114.564392373896,126.97637575549241,144.2255178531178,159.46159412222116,171.36510730017358,173.97126199461795,171.81676286090365,168.67127793433,167.25130791715802,162.3853441662763,191.10729970359583,240.14162487998618,249.28698321412614,222.82279955157193,180.20543831971332,160.5739704933524,150.5755624263114,137.48454458592792,127.73018437315433,120.50726119201282,110.04544515789829,104.45094542415593,103.75451797391764,101.7152889196113,102.1420579389313,100.54849576199537,0.34219295541457745,-0.9239209796193592,0.17109647770728872,0.0,-0.8155071447352175,-0.578747005941122,0.0,-0.9615239476408232,-0.27472112789737807,-0.5519004297242095,0.7776778782477498,-0.301036598031387,-0.20165292067048707,-0.864226802873516,-0.4609209615325419,0.17615986751632512,-0.8304679468626756,-0.5284796025489754,0.4923659639173309,-0.8616404368553291,0.12309149097933272,-0.24711327995761745,0.9192614014423369,-0.30642046714744564,0.2993924754260479,-0.9356014857063997,-0.18712029714127992,-0.26508221769135115,-0.4241315483061619,0.8659352444584139,0.041030496993110906,-0.9437014308415509,-0.32824397594488725,0.07669649888473705,-0.9203579866168445,-0.38348249442368526,-0.08552320644963994,-0.9749645535258954,0.20525569547913589,0.0,-0.9631963013333044,0.2687989678139454,0.27681826617913324,-0.19377278632539327,-0.9411821050090531,-0.4414095681753974,-0.46737483689159726,-0.7659754271278956,0.14106912317171966,-0.832307826713146,0.5360626680525347,-0.01990862997205606,-0.8162538288542985,0.5773502691896258,0.2525460899698412,-0.28060676663315687,-0.9260023298894177,0.0,0.8454889030309711,0.5339929913879817,0.0,-0.8622858604940378,-0.5064218545758634,-0.10569725930559884,-0.7398808151391919,0.6643827727780498,-0.04856200251138985,-0.971240050227797,0.23309761205467128,0.07456117331121903,-0.828457481235767,0.5550665124279639,-0.595847234011464,0.08125189554701782,-0.7989769728790086,-0.5157266969762434,0.8219394233058879,0.24174688920761409,-0.1553210996418994,-0.9189831728812381,0.36241589916443195,-0.4184794969285059,-0.848915550912112,0.32282704048770455,0.13724372633593943,0.5146639737597728,0.8463363124049598,0.2655441645878261,-0.6389656460394565,0.7219481974731522,0.07773075784144524,-0.6650298170879204,0.7427605749293656,0.18451820462840723,-0.961436960958543,0.20394117353666064,-0.039572937999898604,-0.9794302154974905,0.19786468999949303,-0.9990561583550596,0.0,-0.04343722427630694,82.02365504217275,62.22763574105566,2.6279442577015764,27.481280683671297,88.94442709417555,18
87.78952101475437,86.5678924313166,87.92041856133307,87.14929718592113,87.7040477971228,88.37986195961159,89.61026726887941,90.29950165975447,89.72736483370053,88.91569040388767,90.6697303403953,89.84987479123163,89.30845424706443,89.61026726887941,87.34987120768983,86.02325267042627,85.56284240252891,85.11169132381285,85.76129663198896,85.39906322671227,84.34453153583817,83.95832299420945,84.11896337925236,86.28441342444185,93.30594836343501,105.32331175955302,118.83602147497197,137.20058308913997,153.62616964566942,166.03915200939807,171.36510730017358,169.7615975419647,165.8221939307281,164.03048497154424,0.2547719021193928,-0.9235481451827989,0.28661838988431687,0.027297554521630706,-0.8189266356489212,-0.5732486449542448,0.0,-0.9701425001453319,-0.24253562503633297,-0.5824651685714829,0.7723994626708794,-0.2532457254658621,-0.17944458136637376,-0.9271303370595978,-0.32898173250501855,0.10968169942141634,-0.9048740202266848,-0.4113063728303113,0.329292779969071,-0.7683498199278324,0.5488212999484517,-0.2678392183391658,0.9225573076126823,-0.27775918938876454,0.2810913475705226,-0.8784104611578831,-0.3865006029094686,-0.19608994966038013,-0.39217989932076025,0.8987456026100756,0.0,-0.9486832980505138,-0.31622776601683794,0.07561690377971043,-0.932608479949762,-0.3528788843053154,-0.11741925709118983,-0.9561282363139744,0.2683868733512911,-0.02225521737361166,-0.9569743470653014,0.2893178258569516,0.2370885163982245,-0.2107453479095329,-0.948354065592898,-0.5210750794247038,-0.5210750794247038,-0.6759892922266427,0.17142857142857143,-0.8571428571428571,0.4857142857142857,-0.04111711414037299,-0.8017837257372732,0.5961981550354083,0.18741784341058307,-0.2945137539309162,-0.9370892170529154,-0.022507456830317185,0.855283359552053,0.5176715070972953,-0.028939954008661634,-0.9260785282771723,-0.37621940211260124,-0.060626941247715824,-0.7426800302845188,0.6668963537248741,-0.07660853406753165,-0.9576066758441457,0.27770593599480226,0.08491057257642272,-0.8406146685065848,0.5349366072314631,-0.7349904896865401,0.07656150934234793,-0.6737412822126618,-0.4908283909890017,0.8233250429492932,0.28499713025167844,-0.18169564217034892,-0.9084782108517445,0.37636954449572274,-0.4334518947767238,-0.8307827983220539,0.3491695819034719,0.21346948509309194,0.5901803411397247,0.7785357691630412,0.3089632646877409,-0.6815366132817813,0.6633623035942672,0.11468167254181398,-0.7072036473411862,0.697646841296035,0.1678812773032425,-0.9677861868069274,0.18763201580950634,-0.050520516758821424,-0.9800980251211355,0.1919779636835214,-0.9989685402102997,0.045407660918649985,0.0,81.99053091861474,61.65945582323511,3.0955646123674,27.293400921940446,106.42541049956077,18
160.0905993492435,188.65047044733285,236.17366491630688,242.85798319182345,221.092740722078,177.9578601804371,159.90309565483716,148.71449156017042,134.48048185517482,125.64234954823155,115.78428218026832,104.63746938836012,98.53425800197614,96.55050491841045,95.90099061010788,95.15250916292223,95.15250916292223,98.8382517044894,99.4786409235671,98.49365461794989,98.49365461794989,99.26731586982696,99.88493379884676,99.31767214348109,99.26731586982696,99.78476837674175,99.36297097007517,99.09086738948247,100.04498987955368,100.04498987955368,100.24470060806208,100.35935432235502,100.88607436113271,100.72239075796404,0.2924607032330772,-0.9423733770843599,0.16247816846282068,0.0,-0.8526012524109426,-0.5225620579292874,0.13608276348795434,-0.9525793444156804,0.2721655269759087,-0.5775880086558224,0.7829526339556703,-0.23103520346232895,-0.21993447826234322,-0.9425763354100424,-0.25135368944267794,0.08149887373862418,-0.9508201936172821,-0.2988292037082887,0.3810003810005715,-0.8890008890013334,0.254000254000381,-0.26611642603411023,0.9264794091557911,-0.26611642603411023,0.28480754180356177,-0.8900235681361305,-0.3560094272544522,-0.18300320863397276,-0.39927972792866784,0.8983793878395027,0.0,-0.96,-0.28,0.07492978622271093,-0.9241340300801015,-0.3746489311135547,-0.11741925709118983,-0.9561282363139744,0.2683868733512911,-0.022107884414269093,-0.9506390298135711,0.3095103817997673,0.211999576001272,-0.211999576001272,-0.953998092005724,-0.510702521834394,-0.5248887029964605,-0.680936695779192,0.15860619520032992,-0.8651247010927087,0.4758185856009897,-0.04061384660534476,-0.7919700088042229,0.6092076990801715,0.18282309417944959,-0.2872934337105636,-0.9402330557800264,-0.024014605321403707,0.912555002213341,0.408248290463863,-0.058963965601552815,-0.9581644410252332,-0.28007883660737587,-0.045506810098065835,-0.7432778982684086,0.6674332147716323,-0.07640213126717797,-0.9550266408397245,0.28650799225191736,0.07647191129018725,-0.8411910241920598,0.5353033790313109,-0.7876213522632198,0.04725728113579319,-0.6143446547653114,-0.497034910041021,0.8337359781333256,0.24050076292307468,-0.19604912125099322,-0.9148958991713017,0.3528884182517878,-0.4467569554321466,-0.8331413493194085,0.32601183234237724,0.25214822010701343,0.6502769886970347,0.7166317834620382,0.3350855261086579,-0.6988926687409149,0.6318755635191834,0.13193380925179626,-0.7307103281637947,0.6698178008168119,0.15826077513980671,-0.9693472477313161,0.18793467047852047,-0.06059060736615361,-0.9795481524194833,0.19187025665948643,-0.9989685402102997,0.045407660918649985,0.0,83.80616350232073,62.61530454798062,4.299295903385629,26.436302345722112,115.94468289458307,18
99.74968671630002,100.72239075796404,99.65440281292142,99.65440281292142,99.74968671630002,100.18981984213765,99.9699954986495,99.0,100.29456615390487,100.57335631269348,100.12991560967181,100.40418317978589,100.98019607824101,100.56341282991544,101.76934705499491,102.9271587094485,100.32447358446493,100.70749723828906,99.508793581271,105.44192714475585,107.41508273980894,103.89417693018218,104.54185764563398,105.16653460107925,105.39924098398431,103.36827366266692,102.96115772464877,102.97086966710536,101.26203632161463,101.09896141899777,100.58826969383657,100.91580649234291,100.37429949942366,100.66777041337511,0.29496308640500796,-0.9504366117494701,0.09832102880166933,0.027586862953412266,-0.8827796145091925,-0.4689766702080085,0.0,-1.0,0.0,-0.5931809596103181,0.7824940318263771,-0.18931307221605898,-0.18768337412695632,-0.9696974329892744,-0.1564028117724636,0.08291849892341732,-0.9397429877987296,-0.3316739956936693,0.34874291623145787,-0.813733471206735,0.46499055497527714,-0.26301751307560345,0.9254319904511973,-0.27275890244877393,0.22283440581246225,-0.9284766908852593,-0.297112541083283,-0.16437677572823703,-0.39450426174776887,0.9040722665053037,0.039968038348871575,-0.9592329203729179,-0.279776268442101,0.0982946374365981,-0.9337990556476818,-0.34403123102809335,-0.13608276348795434,-0.9525793444156804,0.2721655269759087,-0.021879166839686815,-0.9189250072668462,0.39382500311436264,0.2056018648173709,-0.23130209791954226,-0.9509086247803403,-0.5264598425167111,-0.5557076115454173,-0.6434509186315358,0.14838036499774765,-0.8754441534867112,0.4599791314930177,-0.020319495952707323,-0.7924603421555856,0.6095848785812197,0.15740497084002134,-0.28857577987337246,-0.9444298250401281,-0.023002185311411807,0.9200874124564723,0.3910371502940007,-0.04460750787714448,-0.9664960040047971,-0.2527758779704854,-0.05881081218549745,-0.7204324492723437,0.691027043179595,-0.08643862249008588,-0.9412205560031573,0.3265459071847689,0.07773075784144524,-0.846401585384626,0.5268418031475733,-0.8392995778307399,0.083929957783074,-0.5371517298116736,-0.47619103800052254,0.8294940661944585,0.29185902329064284,-0.19578175103282405,-0.8744918212799475,0.4437719690077345,-0.4480653692907406,-0.8113616146616114,0.37540612021656644,0.2594476267810655,0.6691017743301163,0.6964120508333863,0.33733470776471136,-0.6939456845445491,0.63611687749917,0.13464455738461015,-0.7457237024378408,0.6525082396331107,0.14912275601972214,-0.9643271555942031,0.21871337549559247,-0.07064223156394514,-0.978899494528954,0.19174319995927966,-0.9908301680442989,0.0,-0.13511320473331348,82.96130031593665,66.50916546543861,2.987574456234164,23.93766840728445,118.5291707523883,18
98.72689603142601,99.10600385445879,99.18165152889924,98.40223574695851,98.81801455200362,99.16652661054536,98.31581764904364,98.16822296446034,99.1463564635635,98.16822296446034,98.18859404228171,99.16652661054536,99.30256794262674,99.04039579888602,98.6610358753647,98.92421341612983,100.48382954485761,98.53425800197614,99.38309715439543,99.508793581271,99.38309715439543,99.38309715439543,99.508793581271,100.30952098380293,99.20685460188726,100.94057657849989,101.97058399362044,102.0735029280371,102.87856919689348,102.79105019407089,103.73523991392703,105.61723344227494,106.45656391223605,102.79105019407089,0.31622776601683794,-0.9486832980505138,0.0,0.027586862953412266,-0.8827796145091925,-0.4689766702080085,-0.13608276348795434,-0.9525793444156804,0.2721655269759087,-0.6002814479085283,0.7878694003799434,-0.13756449847903773,-0.18768337412695632,-0.9696974329892744,-0.1564028117724636,0.08213785172900903,-0.930895652928769,-0.3559306908257058,0.4923659639173309,-0.8616404368553291,0.12309149097933272,-0.2734474098108889,0.9277679975726587,-0.25391545196725396,0.24474510493440127,-0.9381895689152049,-0.24474510493440127,-0.16821577756312223,-0.4205394439078056,0.8915436210845479,0.039968038348871575,-0.9592329203729179,-0.279776268442101,0.12309149097933272,-0.9108770332470622,-0.3938927711338647,-0.15029252012740527,-0.9518526274735667,0.26718670244872045,0.0,-0.9442001814457764,0.3293721563182941,0.2056018648173709,-0.23130209791954226,-0.9509086247803403,-0.5256734942921122,-0.5402755358002265,-0.6570918678651403,0.14736188992246296,-0.8694351505425314,0.4715580477518815,-0.020236116462908824,-0.8094446585163529,0.5868473774243559,0.15740497084002134,-0.28857577987337246,-0.9444298250401281,0.0,0.9333456062030595,0.3589790793088691,-0.04443591161812615,-0.9627780850593999,-0.2666154697087569,-0.05943726688767053,-0.7132472026520463,0.6983878859301288,-0.08564827846311321,-0.9516475384790357,0.29501073692850105,0.07716585284377861,-0.8488243812815648,0.5230130026078329,-0.8468496511259617,0.08468496511259617,-0.5250467836980962,-0.47619103800052254,0.8294940661944585,0.29185902329064284,-0.18511005987178078,-0.8991060050915066,0.3966644140109588,-0.4480653692907406,-0.8113616146616114,0.37540612021656644,0.26192573970590693,0.6754926971362863,0.6892782623839656,0.35392909347631996,-0.7176895506603155,0.5997131861682089,0.13555647253793654,-0.7507743094408793,0.6465000997963127,0.1585480070578836,-0.971106543229537,0.17836650794011905,-0.07064223156394514,-0.978899494528954,0.19174319995927966,-0.9981149841863163,0.04339630366027462,0.04339630366027462,83.65525083107131,66.26092977998286,2.920226493317996,24.838112563554365,120.21660891013039,18
103.97114984456024,101.19782606360673,101.57755657624375,101.00495037373169,100.7670581092849,100.66777041337511,101.43470806385751,101.65628362280415,100.269636480841,101.28178513434683,101.07917688624102,98.96969233053117,99.02524930541705,99.09086738948247,99.09086738948247,99.16652661054536,100.22973610660661,19.6468827043885,21.02379604162864,20.639767440550294,22.847319317591726,21.61018278497431,23.558437978779494,23.108440016582687,23.173260452512935,22.11334438749598,24.166091947189145,24.041630560342615,22.11334438749598,23.108440016582687,23.108440016582687,22.22611077089287,22.090722034374522,23.194827009486403,0.28734788556634544,-0.9578262852211514,0.0,0.0,-0.8944271909999159,-0.4472135954999579,0.0,-0.9922778767136677,-0.12403473458920847,-0.5991759876124193,0.7904023666376596,-0.12748425268349348,-0.18851526708200847,-0.9739955465903771,-0.12567684472133897,0.052450277757737605,-0.9178798607604081,-0.39337708318303205,0.309426373877638,-0.618852747755276,0.7219948723811553,-0.2734474098108889,0.9277679975726587,-0.25391545196725396,0.2333729524753242,-0.9334918099012968,-0.2722684445545449,-0.13324083707986087,-0.4163776158745652,0.8993756502890609,0.0,-0.96,-0.28,0.09656090991705352,-0.9173286442120083,-0.38624363966821407,-0.1657939400769678,-0.9450254584387164,0.28184969813084526,0.0,-0.9191450300180578,0.39391929857916763,0.1764394421526577,-0.22685071133913132,-0.9578141145429989,-0.5418955560352877,-0.5565413818740792,-0.629770511068037,0.13382252363143343,-0.8772809882505082,0.4609442480638263,-0.020236116462908824,-0.8094446585163529,0.5868473774243559,0.15740497084002134,-0.28857577987337246,-0.9444298250401281,0.0,0.9203309184584746,0.3911406403448517,-0.05814223727130147,-0.9593469149764743,-0.276175627038682,-0.029443619762014213,-0.7213686841693482,0.6919250644073339,-0.0948048318324232,-0.9385678351409897,0.3318169114134812,0.06894246512823332,-0.8531630059618874,0.5170684884617499,-0.8745141886539135,0.0685893481297187,-0.48012543690803094,-0.457495710997814,0.8234922797960652,0.3354968547317303,-0.19348799444240572,-0.8642463751760789,0.46437118666177374,-0.451326784975081,-0.7957603840350113,0.4038187023461251,0.2846950602640033,0.6778453815809603,0.6778453815809603,0.35245031015063044,-0.6951103339081878,0.6265783291566763,0.13662277657587688,-0.7461705489913275,0.6515855498234128,0.14944064441601537,-0.9663828338902327,0.2092169021824215,-0.08067238284364071,-0.9781526419791436,0.1915969092536467,-0.996240588195683,0.0,-0.086629616364842,83.85550522367849,66.91502726756858,3.146319291547094,23.24036223412996,120.68757449175999,18
23.2163735324878,22.22611077089287,22.20360331117452,21.213203435596427,22.20360331117452,23.53720459187964,25.337718918639855,24.351591323771842,23.108440016582687,22.02271554554524,22.11334438749598,23.08679276123039,23.043437243605826,22.181073012818835,21.307275752662516,21.236760581595302,21.095023109728988,24.166091947189145,23.173260452512935,25.495097567963924,25.37715508089904,23.53720459187964,23.769728648009426,24.1039415863879,24.1039415863879,23.043437243605826,24.020824298928627,23.021728866442675,22.02271554554524,22.02271554554524,22.20360331117452,23.043437243605826,23.08679276123039,22.0,0.28603877677367767,-0.9534625892455922,-0.09534625892455922,0.0,-0.9304083928170915,-0.3665245183824906,0.0,-0.9191450300180578,0.39391929857916763,-0.5858090429791935,0.802303689297591,-0.11461481275679872,-0.2112500740992099,-0.965714624453531,-0.15089291007086422,0.053740921490045904,-0.9135956653307804,-0.4030569111753443,0.2672612419124244,-0.5345224838248488,0.8017837257372732,-0.27275890244877393,0.9254319904511973,-0.26301751307560345,0.2850620368313789,-0.9366324067316734,-0.20361574059384205,-0.1352633329456489,-0.4226979154551528,0.8961195807649239,0.0,-0.9566738804288585,-0.29116161578269606,0.0936072754401818,-0.9126709355417726,-0.3978309206207727,-0.15124448451997352,-0.9410767925687242,0.30248896903994704,-0.044455422447438706,-0.9335638713962128,0.35564337957950964,0.17538407320066007,-0.25054867600094294,-0.9520849688035833,-0.5374751254199972,-0.5665278349021592,-0.6246332538664832,0.13558769040171112,-0.8737873381443605,0.46702426693922716,-0.020236116462908824,-0.8094446585163529,0.5868473774243559,0.13167016328743084,-0.2896743592323478,-0.948025175669502,0.0,0.9701425001453319,0.24253562503633297,-0.07231204314186374,-0.9545189694726014,-0.28924817256745494,-0.014729793076583796,-0.7070300676760222,0.7070300676760222,-0.10545283989955931,-0.9394889372869829,0.32594514150772874,0.06945239963814015,-0.8507918955672169,0.5208929972860511,-0.8452006777465807,0.06629024923502594,-0.5303219938802075,-0.45395698246199334,0.8452992087223324,0.28176640290744415,-0.21295508244477546,-0.8917494077374972,0.399290779583954,-0.45970358039012876,-0.8105299970036481,0.36292387925536485,0.2970803711120493,0.6751826616182939,0.6751826616182939,0.34809073705933113,-0.7061269237489288,0.6166178770765294,0.13662277657587688,-0.7461705489913275,0.6515855498234128,0.1291376569344658,-0.9734992599675113,0.18873965244268076,-0.08979371142339831,-0.9777537466103372,0.1895645018938409,-1.0,0.0,0.0,83.9849376429469,67.43939991738564,4.396400752380471,24.636737161249812,118.54789325945309,18
